{
  "frames": [
    {
      "image_id": 1,
      "file_path": "images/0001.png",
      "width": 192,
      "height": 192,
      "fx": 231.76450198781714,
      "fy": 231.76450198781714,
      "cx": 95.5,
      "cy": 95.5,
      "qvec": [
        0.9238795385917465,
        -0.382683417685561,
        0.0,
        0.0
      ],
      "tvec": [
        0.0,
        0.0,
        -2.799999952316284
      ],
      "transform_matrix": [
        [
          1.0,
          0.0,
          0.0,
          0.0
        ],
        [
          0.0,
          0.7071067690849304,
          -0.7071067690849304,
          -1.9798989295959473
        ],
        [
          0.0,
          0.7071067690849304,
          0.7071067690849304,
          1.9798989295959473
        ],
        [
          0.0,
          0.0,
          0.0,
          1.0
        ]
      ]
    },
    {
      "image_id": 2,
      "file_path": "images/0002.png",
      "width": 192,
      "height": 192,
      "fx": 231.76450198781714,
      "fy": 231.76450198781714,
      "cx": 95.5,
      "cy": 95.5,
      "qvec": [
        0.9203639031519237,
        -0.38122718227018737,
        -0.08052139540891125,
        0.03335305315396525
      ],
      "tvec": [
        -2.9802322387695312e-08,
        1.1920928955078125e-07,
        -2.8000001907348633
      ],
      "transform_matrix": [
        [
          0.9848077893257141,
          0.12278778851032257,
          0.12278780341148376,
          0.34380587935447693
        ],
        [
          3.05791303389924e-09,
          0.7071067690849304,
          -0.7071067094802856,
          -1.9798990488052368
        ],
        [
          -0.1736481636762619,
          0.6963642239570618,
          0.6963642835617065,
          1.9498199224472046
        ],
        [
          0.0,
          0.0,
          0.0,
          1.0
        ]
      ]
    },
    {
      "image_id": 3,
      "file_path": "images/0003.png",
      "width": 192,
      "height": 192,
      "fx": 231.76450198781714,
      "fy": 231.76450198781714,
      "cx": 95.5,
      "cy": 95.5,
      "qvec": [
        0.9098437277588493,
        -0.37686960927800833,
        -0.16042999451016465,
        0.0664522800360622
      ],
      "tvec": [
        0.0,
        0.0,
        -2.8000001907348633
      ],
      "transform_matrix": [
        [
          0.9396925568580627,
          0.24184474349021912,
          0.2418447583913803,
          0.6771653890609741
        ],
        [
          -9.901270026091424e-09,
          0.7071067690849304,
          -0.7071067690849304,
          -1.9798990488052368
        ],
        [
          -0.3420201241970062,
          0.6644629836082458,
          0.6644630432128906,
          1.8604966402053833
        ],
        [
          0.0,
          0.0,
          0.0,
          1.0
        ]
      ]
    },
    {
      "image_id": 4,
      "file_path": "images/0004.png",
      "width": 192,
      "height": 192,
      "fx": 231.76450198781714,
      "fy": 231.76450198781714,
      "cx": 95.5,
      "cy": 95.5,
      "qvec": [
        0.892399100977797,
        -0.36964380723293905,
        -0.23911762101525705,
        0.09904576552463687
      ],
      "tvec": [
        5.960464477539063e-08,
        0.0,
        -2.799999952316284
      ],
      "transform_matrix": [
        [
          0.8660253286361694,
          0.3535534143447876,
          0.3535534143447876,
          0.9899494647979736
        ],
        [
          2.8233040350045258e-09,
          0.7071067690849304,
          -0.7071068286895752,
          -1.9798990488052368
        ],
        [
          -0.4999999701976776,
          0.6123723983764648,
          0.6123723983764648,
          1.7146427631378174
        ],
        [
          0.0,
          0.0,
          0.0,
          1.0
        ]
      ]
    },
    {
      "image_id": 5,
      "file_path": "images/0005.png",
      "width": 192,
      "height": 192,
      "fx": 231.76450198781714,
      "fy": 231.76450198781714,
      "cx": 95.5,
      "cy": 95.5,
      "qvec": [
        0.8681627761725652,
        -0.3596047901183647,
        -0.3159854240343786,
        0.13088544911519057
      ],
      "tvec": [
        5.960464477539063e-08,
        0.0,
        -2.799999952316284
      ],
      "transform_matrix": [
        [
          0.7660444378852844,
          0.45451948046684265,
          0.45451948046684265,
          1.2726545333862305
        ],
        [
          -1.5700924318127872e-16,
          0.7071067690849304,
          -0.7071067690849304,
          -1.9798989295959473
        ],
        [
          -0.6427876353263855,
          0.5416752099990845,
          0.5416752099990845,
          1.5166906118392944
        ],
        [
          0.0,
          0.0,
          0.0,
          1.0
        ]
      ]
    },
    {
      "image_id": 6,
      "file_path": "images/0006.png",
      "width": 192,
      "height": 192,
      "fx": 231.76450198781714,
      "fy": 231.76450198781714,
      "cx": 95.5,
      "cy": 95.5,
      "qvec": [
        0.8373192182382657,
        -0.34682895884736054,
        -0.39044837048393766,
        0.16172900191416903
      ],
      "tvec": [
        -5.960464477539063e-08,
        0.0,
        -2.8000001907348633
      ],
      "transform_matrix": [
        [
          0.6427876353263855,
          0.5416752099990845,
          0.5416752099990845,
          1.516690731048584
        ],
        [
          1.5700924318127872e-16,
          0.7071067690849304,
          -0.7071067690849304,
          -1.9798991680145264
        ],
        [
          -0.7660444378852844,
          0.45451948046684265,
          0.45451948046684265,
          1.27265465259552
        ],
        [
          0.0,
          0.0,
          0.0,
          1.0
        ]
      ]
    },
    {
      "image_id": 7,
      "file_path": "images/0007.png",
      "width": 192,
      "height": 192,
      "fx": 231.76450198781714,
      "fy": 231.76450198781714,
      "cx": 95.5,
      "cy": 95.5,
      "qvec": [
        0.8001031553313154,
        -0.3314135540296888,
        -0.46193976136228415,
        0.19134172024636859
      ],
      "tvec": [
        -5.960464477539063e-08,
        0.0,
        -2.799999713897705
      ],
      "transform_matrix": [
        [
          0.4999999701976776,
          0.6123723983764648,
          0.6123723983764648,
          1.7146426439285278
        ],
        [
          -2.8233040350045258e-09,
          0.7071067690849304,
          -0.7071068286895752,
          -1.9798989295959473
        ],
        [
          -0.8660253286361694,
          0.3535534143447876,
          0.3535534143447876,
          0.9899494051933289
        ],
        [
          0.0,
          0.0,
          0.0,
          1.0
        ]
      ]
    },
    {
      "image_id": 8,
      "file_path": "images/0008.png",
      "width": 192,
      "height": 192,
      "fx": 231.76450198781714,
      "fy": 231.76450198781714,
      "cx": 95.5,
      "cy": 95.5,
      "qvec": [
        0.7567977988142203,
        -0.31347590234475436,
        -0.5299155518812194,
        0.21949819642428905
      ],
      "tvec": [
        0.0,
        -1.4901161193847656e-08,
        -2.8000001907348633
      ],
      "transform_matrix": [
        [
          0.3420201241970062,
          0.6644629836082458,
          0.6644630432128906,
          1.8604966402053833
        ],
        [
          9.901270026091424e-09,
          0.7071067690849304,
          -0.7071067690849304,
          -1.9798990488052368
        ],
        [
          -0.9396925568580627,
          0.24184474349021912,
          0.2418447583913803,
          0.6771653890609741
        ],
        [
          0.0,
          0.0,
          0.0,
          1.0
        ]
      ]
    },
    {
      "image_id": 9,
      "file_path": "images/0009.png",
      "width": 192,
      "height": 192,
      "fx": 231.76450198781714,
      "fy": 231.76450198781714,
      "cx": 95.5,
      "cy": 95.5,
      "qvec": [
        0.70773278633086,
        -0.29315250099367285,
        -0.593858321678445,
        0.24598416226816827
      ],
      "tvec": [
        2.9802322387695312e-08,
        6.705522537231445e-08,
        -2.799999952316284
      ],
      "transform_matrix": [
        [
          0.1736481636762619,
          0.6963642239570618,
          0.6963642835617065,
          1.949819803237915
        ],
        [
          -3.05791303389924e-09,
          0.7071067690849304,
          -0.7071067094802856,
          -1.9798988103866577
        ],
        [
          -0.9848077893257141,
          0.12278778851032257,
          0.12278780341148376,
          0.34380584955215454
        ],
        [
          0.0,
          0.0,
          0.0,
          1.0
        ]
      ]
    },
    {
      "image_id": 10,
      "file_path": "images/0010.png",
      "width": 192,
      "height": 192,
      "fx": 231.76450198781714,
      "fy": 231.76450198781714,
      "cx": 95.5,
      "cy": 95.5,
      "qvec": [
        0.6532814736626653,
        -0.27059804372532914,
        -0.6532814964723752,
        0.27059804372532914
      ],
      "tvec": [
        -1.3234889800848443e-23,
        -5.2491604727053244e-33,
        -2.799999952316284
      ],
      "transform_matrix": [
        [
          6.123234924670329e-17,
          0.7071067690849304,
          0.7071067690849304,
          1.9798989295959473
        ],
        [
          2.33962004156826e-24,
          0.7071067690849304,
          -0.7071067690849304,
          -1.9798989295959473
        ],
        [
          -1.0,
          4.329780963457767e-17,
          4.329780963457767e-17,
          1.2123385374192768e-16
        ],
        [
          0.0,
          0.0,
          0.0,
          1.0
        ]
      ]
    },
    {
      "image_id": 11,
      "file_path": "images/0011.png",
      "width": 192,
      "height": 192,
      "fx": 231.76450198781714,
      "fy": 231.76450198781714,
      "cx": 95.5,
      "cy": 95.5,
      "qvec": [
        0.5938583257366489,
        -0.24598417211282428,
        -0.7077327779321915,
        0.29315250478823524
      ],
      "tvec": [
        -2.9802322387695312e-08,
        6.705522537231445e-08,
        -2.799999952316284
      ],
      "transform_matrix": [
        [
          -0.1736481636762619,
          0.6963642239570618,
          0.6963642835617065,
          1.949819803237915
        ],
        [
          3.05791303389924e-09,
          0.7071067690849304,
          -0.7071067094802856,
          -1.9798988103866577
        ],
        [
          -0.9848077893257141,
          -0.12278778851032257,
          -0.12278780341148376,
          -0.34380584955215454
        ],
        [
          0.0,
          0.0,
          0.0,
          1.0
        ]
      ]
    },
    {
      "image_id": 12,
      "file_path": "images/0012.png",
      "width": 192,
      "height": 192,
      "fx": 231.76450198781714,
      "fy": 231.76450198781714,
      "cx": 95.5,
      "cy": 95.5,
      "qvec": [
        0.5299155182907682,
        -0.21949817582815387,
        -0.7567978265874606,
        0.3134759064987856
      ],
      "tvec": [
        0.0,
        -1.4901161193847656e-08,
        -2.8000001907348633
      ],
      "transform_matrix": [
        [
          -0.3420201241970062,
          0.6644629836082458,
          0.6644630432128906,
          1.8604966402053833
        ],
        [
          -9.901270026091424e-09,
          0.7071067690849304,
          -0.7071067690849304,
          -1.9798990488052368
        ],
        [
          -0.9396925568580627,
          -0.24184474349021912,
          -0.2418447583913803,
          -0.6771653890609741
        ],
        [
          0.0,
          0.0,
          0.0,
          1.0
        ]
      ]
    },
    {
      "image_id": 13,
      "file_path": "images/0013.png",
      "width": 192,
      "height": 192,
      "fx": 231.76450198781714,
      "fy": 231.76450198781714,
      "cx": 95.5,
      "cy": 95.5,
      "qvec": [
        -0.4619397849599109,
        0.19134172923773904,
        0.800103133249001,
        -0.3314135692584637
      ],
      "tvec": [
        5.960464477539063e-08,
        0.0,
        -2.799999713897705
      ],
      "transform_matrix": [
        [
          -0.4999999701976776,
          0.6123723983764648,
          0.6123723983764648,
          1.7146426439285278
        ],
        [
          2.8233040350045258e-09,
          0.7071067690849304,
          -0.7071068286895752,
          -1.9798989295959473
        ],
        [
          -0.8660253286361694,
          -0.3535534143447876,
          -0.3535534143447876,
          -0.9899494051933289
        ],
        [
          0.0,
          0.0,
          0.0,
          1.0
        ]
      ]
    },
    {
      "image_id": 14,
      "file_path": "images/0014.png",
      "width": 192,
      "height": 192,
      "fx": 231.76450198781714,
      "fy": 231.76450198781714,
      "cx": 95.5,
      "cy": 95.5,
      "qvec": [
        -0.390448354452419,
        0.16172899008299624,
        0.8373192394716413,
        -0.34682893115016267
      ],
      "tvec": [
        5.960464477539063e-08,
        0.0,
        -2.8000001907348633
      ],
      "transform_matrix": [
        [
          -0.6427876353263855,
          0.5416752099990845,
          0.5416752099990845,
          1.516690731048584
        ],
        [
          -1.5700924318127872e-16,
          0.7071067690849304,
          -0.7071067690849304,
          -1.9798991680145264
        ],
        [
          -0.7660444378852844,
          -0.45451948046684265,
          -0.45451948046684265,
          -1.27265465259552
        ],
        [
          0.0,
          0.0,
          0.0,
          1.0
        ]
      ]
    },
    {
      "image_id": 15,
      "file_path": "images/0015.png",
      "width": 192,
      "height": 192,
      "fx": 231.76450198781714,
      "fy": 231.76450198781714,
      "cx": 95.5,
      "cy": 95.5,
      "qvec": [
        -0.31598542101210964,
        0.13088545601125126,
        0.8681627775915829,
        -0.35960478683826547
      ],
      "tvec": [
        -5.960464477539063e-08,
        0.0,
        -2.799999952316284
      ],
      "transform_matrix": [
        [
          -0.7660444378852844,
          0.45451948046684265,
          0.45451948046684265,
          1.2726545333862305
        ],
        [
          1.5700924318127872e-16,
          0.7071067690849304,
          -0.7071067690849304,
          -1.9798989295959473
        ],
        [
          -0.6427876353263855,
          -0.5416752099990845,
          -0.5416752099990845,
          -1.5166906118392944
        ],
        [
          0.0,
          0.0,
          0.0,
          1.0
        ]
      ]
    },
    {
      "image_id": 16,
      "file_path": "images/0016.png",
      "width": 192,
      "height": 192,
      "fx": 231.76450198781714,
      "fy": 231.76450198781714,
      "cx": 95.5,
      "cy": 95.5,
      "qvec": [
        -0.23911761571729084,
        0.09904575817166886,
        0.892399107403008,
        -0.3696437971185127
      ],
      "tvec": [
        -5.960464477539063e-08,
        0.0,
        -2.799999952316284
      ],
      "transform_matrix": [
        [
          -0.8660253286361694,
          0.3535534143447876,
          0.3535534143447876,
          0.9899494647979736
        ],
        [
          -2.8233040350045258e-09,
          0.7071067690849304,
          -0.7071068286895752,
          -1.9798990488052368
        ],
        [
          -0.4999999701976776,
          -0.6123723983764648,
          -0.6123723983764648,
          -1.7146427631378174
        ],
        [
          0.0,
          0.0,
          0.0,
          1.0
        ]
      ]
    },
    {
      "image_id": 17,
      "file_path": "images/0017.png",
      "width": 192,
      "height": 192,
      "fx": 231.76450198781714,
      "fy": 231.76450198781714,
      "cx": 95.5,
      "cy": 95.5,
      "qvec": [
        -0.16042999633073826,
        0.06645227848506485,
        0.9098437263919126,
        -0.37686961207656594
      ],
      "tvec": [
        0.0,
        0.0,
        -2.8000001907348633
      ],
      "transform_matrix": [
        [
          -0.9396925568580627,
          0.24184474349021912,
          0.2418447583913803,
          0.6771653890609741
        ],
        [
          9.901270026091424e-09,
          0.7071067690849304,
          -0.7071067690849304,
          -1.9798990488052368
        ],
        [
          -0.3420201241970062,
          -0.6644629836082458,
          -0.6644630432128906,
          -1.8604966402053833
        ],
        [
          0.0,
          0.0,
          0.0,
          1.0
        ]
      ]
    },
    {
      "image_id": 18,
      "file_path": "images/0018.png",
      "width": 192,
      "height": 192,
      "fx": 231.76450198781714,
      "fy": 231.76450198781714,
      "cx": 95.5,
      "cy": 95.5,
      "qvec": [
        -0.08052139688976322,
        0.033353052866485655,
        0.9203638984410484,
        -0.3812271933556188
      ],
      "tvec": [
        2.9802322387695312e-08,
        1.1920928955078125e-07,
        -2.8000001907348633
      ],
      "transform_matrix": [
        [
          -0.9848077893257141,
          0.12278778851032257,
          0.12278780341148376,
          0.34380587935447693
        ],
        [
          -3.05791303389924e-09,
          0.7071067690849304,
          -0.7071067094802856,
          -1.9798990488052368
        ],
        [
          -0.1736481636762619,
          -0.6963642239570618,
          -0.6963642835617065,
          -1.9498199224472046
        ],
        [
          0.0,
          0.0,
          0.0,
          1.0
        ]
      ]
    },
    {
      "image_id": 19,
      "file_path": "images/0019.png",
      "width": 192,
      "height": 192,
      "fx": 231.76450198781714,
      "fy": 231.76450198781714,
      "cx": 95.5,
      "cy": 95.5,
      "qvec": [
        -5.657130410795593e-17,
        2.3432605035592275e-17,
        0.9238795392949355,
        -0.3826834159879129
      ],
      "tvec": [
        -2.6469779601696886e-23,
        0.0,
        -2.799999952316284
      ],
      "transform_matrix": [
        [
          -1.0,
          8.659561926915534e-17,
          8.659561926915534e-17,
          2.4246770748385536e-16
        ],
        [
          4.67924008313652e-24,
          0.7071067690849304,
          -0.7071067690849304,
          -1.9798989295959473
        ],
        [
          -1.2246469849340659e-16,
          -0.7071067690849304,
          -0.7071067690849304,
          -1.9798989295959473
        ],
        [
          0.0,
          0.0,
          0.0,
          1.0
        ]
      ]
    },
    {
      "image_id": 20,
      "file_path": "images/0020.png",
      "width": 192,
      "height": 192,
      "fx": 231.76450198781714,
      "fy": 231.76450198781714,
      "cx": 95.5,
      "cy": 95.5,
      "qvec": [
        0.08052139688976322,
        -0.033353052866485655,
        0.9203638984410484,
        -0.3812271933556188
      ],
      "tvec": [
        -2.9802322387695312e-08,
        1.1920928955078125e-07,
        -2.8000001907348633
      ],
      "transform_matrix": [
        [
          -0.9848077893257141,
          -0.12278778851032257,
          -0.12278780341148376,
          -0.34380587935447693
        ],
        [
          3.05791303389924e-09,
          0.7071067690849304,
          -0.7071067094802856,
          -1.9798990488052368
        ],
        [
          0.1736481636762619,
          -0.6963642239570618,
          -0.6963642835617065,
          -1.9498199224472046
        ],
        [
          0.0,
          0.0,
          0.0,
          1.0
        ]
      ]
    },
    {
      "image_id": 21,
      "file_path": "images/0021.png",
      "width": 192,
      "height": 192,
      "fx": 231.76450198781714,
      "fy": 231.76450198781714,
      "cx": 95.5,
      "cy": 95.5,
      "qvec": [
        0.16042999633073826,
        -0.06645227848506485,
        0.9098437263919126,
        -0.37686961207656594
      ],
      "tvec": [
        0.0,
        0.0,
        -2.8000001907348633
      ],
      "transform_matrix": [
        [
          -0.9396925568580627,
          -0.24184474349021912,
          -0.2418447583913803,
          -0.6771653890609741
        ],
        [
          -9.901270026091424e-09,
          0.7071067690849304,
          -0.7071067690849304,
          -1.9798990488052368
        ],
        [
          0.3420201241970062,
          -0.6644629836082458,
          -0.6644630432128906,
          -1.8604966402053833
        ],
        [
          0.0,
          0.0,
          0.0,
          1.0
        ]
      ]
    },
    {
      "image_id": 22,
      "file_path": "images/0022.png",
      "width": 192,
      "height": 192,
      "fx": 231.76450198781714,
      "fy": 231.76450198781714,
      "cx": 95.5,
      "cy": 95.5,
      "qvec": [
        0.23911761571729084,
        -0.09904575817166886,
        0.892399107403008,
        -0.3696437971185127
      ],
      "tvec": [
        5.960464477539063e-08,
        0.0,
        -2.799999952316284
      ],
      "transform_matrix": [
        [
          -0.8660253286361694,
          -0.3535534143447876,
          -0.3535534143447876,
          -0.9899494647979736
        ],
        [
          2.8233040350045258e-09,
          0.7071067690849304,
          -0.7071068286895752,
          -1.9798990488052368
        ],
        [
          0.4999999701976776,
          -0.6123723983764648,
          -0.6123723983764648,
          -1.7146427631378174
        ],
        [
          0.0,
          0.0,
          0.0,
          1.0
        ]
      ]
    },
    {
      "image_id": 23,
      "file_path": "images/0023.png",
      "width": 192,
      "height": 192,
      "fx": 231.76450198781714,
      "fy": 231.76450198781714,
      "cx": 95.5,
      "cy": 95.5,
      "qvec": [
        0.31598542101210964,
        -0.13088545601125126,
        0.8681627775915829,
        -0.35960478683826547
      ],
      "tvec": [
        5.960464477539063e-08,
        0.0,
        -2.799999952316284
      ],
      "transform_matrix": [
        [
          -0.7660444378852844,
          -0.45451948046684265,
          -0.45451948046684265,
          -1.2726545333862305
        ],
        [
          -1.5700924318127872e-16,
          0.7071067690849304,
          -0.7071067690849304,
          -1.9798989295959473
        ],
        [
          0.6427876353263855,
          -0.5416752099990845,
          -0.5416752099990845,
          -1.5166906118392944
        ],
        [
          0.0,
          0.0,
          0.0,
          1.0
        ]
      ]
    },
    {
      "image_id": 24,
      "file_path": "images/0024.png",
      "width": 192,
      "height": 192,
      "fx": 231.76450198781714,
      "fy": 231.76450198781714,
      "cx": 95.5,
      "cy": 95.5,
      "qvec": [
        0.390448354452419,
        -0.16172899008299624,
        0.8373192394716413,
        -0.34682893115016267
      ],
      "tvec": [
        -5.960464477539063e-08,
        0.0,
        -2.8000001907348633
      ],
      "transform_matrix": [
        [
          -0.6427876353263855,
          -0.5416752099990845,
          -0.5416752099990845,
          -1.516690731048584
        ],
        [
          1.5700924318127872e-16,
          0.7071067690849304,
          -0.7071067690849304,
          -1.9798991680145264
        ],
        [
          0.7660444378852844,
          -0.45451948046684265,
          -0.45451948046684265,
          -1.27265465259552
        ],
        [
          0.0,
          0.0,
          0.0,
          1.0
        ]
      ]
    },
    {
      "image_id": 25,
      "file_path": "images/0025.png",
      "width": 192,
      "height": 192,
      "fx": 231.76450198781714,
      "fy": 231.76450198781714,
      "cx": 95.5,
      "cy": 95.5,
      "qvec": [
        0.4619397849599109,
        -0.19134172923773904,
        0.800103133249001,
        -0.3314135692584637
      ],
      "tvec": [
        -5.960464477539063e-08,
        0.0,
        -2.799999713897705
      ],
      "transform_matrix": [
        [
          -0.4999999701976776,
          -0.6123723983764648,
          -0.6123723983764648,
          -1.7146426439285278
        ],
        [
          -2.8233040350045258e-09,
          0.7071067690849304,
          -0.7071068286895752,
          -1.9798989295959473
        ],
        [
          0.8660253286361694,
          -0.3535534143447876,
          -0.3535534143447876,
          -0.9899494051933289
        ],
        [
          0.0,
          0.0,
          0.0,
          1.0
        ]
      ]
    },
    {
      "image_id": 26,
      "file_path": "images/0026.png",
      "width": 192,
      "height": 192,
      "fx": 231.76450198781714,
      "fy": 231.76450198781714,
      "cx": 95.5,
      "cy": 95.5,
      "qvec": [
        0.5299155182907682,
        -0.21949817582815387,
        0.7567978265874606,
        -0.3134759064987856
      ],
      "tvec": [
        0.0,
        -1.4901161193847656e-08,
        -2.8000001907348633
      ],
      "transform_matrix": [
        [
          -0.3420201241970062,
          -0.6644629836082458,
          -0.6644630432128906,
          -1.8604966402053833
        ],
        [
          9.901270026091424e-09,
          0.7071067690849304,
          -0.7071067690849304,
          -1.9798990488052368
        ],
        [
          0.9396925568580627,
          -0.24184474349021912,
          -0.2418447583913803,
          -0.6771653890609741
        ],
        [
          0.0,
          0.0,
          0.0,
          1.0
        ]
      ]
    },
    {
      "image_id": 27,
      "file_path": "images/0027.png",
      "width": 192,
      "height": 192,
      "fx": 231.76450198781714,
      "fy": 231.76450198781714,
      "cx": 95.5,
      "cy": 95.5,
      "qvec": [
        0.5938583257366489,
        -0.24598417211282428,
        0.7077327779321915,
        -0.29315250478823524
      ],
      "tvec": [
        2.9802322387695312e-08,
        6.705522537231445e-08,
        -2.799999952316284
      ],
      "transform_matrix": [
        [
          -0.1736481636762619,
          -0.6963642239570618,
          -0.6963642835617065,
          -1.949819803237915
        ],
        [
          -3.05791303389924e-09,
          0.7071067690849304,
          -0.7071067094802856,
          -1.9798988103866577
        ],
        [
          0.9848077893257141,
          -0.12278778851032257,
          -0.12278780341148376,
          -0.34380584955215454
        ],
        [
          0.0,
          0.0,
          0.0,
          1.0
        ]
      ]
    },
    {
      "image_id": 28,
      "file_path": "images/0028.png",
      "width": 192,
      "height": 192,
      "fx": 231.76450198781714,
      "fy": 231.76450198781714,
      "cx": 95.5,
      "cy": 95.5,
      "qvec": [
        0.6532814736626653,
        -0.27059804372532914,
        0.6532814964723752,
        -0.27059804372532914
      ],
      "tvec": [
        0.0,
        -4.724243617282426e-32,
        -2.799999952316284
      ],
      "transform_matrix": [
        [
          -1.8369702788777518e-16,
          -0.7071067690849304,
          -0.7071067690849304,
          -1.9798989295959473
        ],
        [
          -0.0,
          0.7071067690849304,
          -0.7071067690849304,
          -1.9798989295959473
        ],
        [
          1.0,
          -1.2989341566884322e-16,
          -1.2989341566884322e-16,
          -3.6370154799089324e-16
        ],
        [
          0.0,
          0.0,
          0.0,
          1.0
        ]
      ]
    },
    {
      "image_id": 29,
      "file_path": "images/0029.png",
      "width": 192,
      "height": 192,
      "fx": 231.76450198781714,
      "fy": 231.76450198781714,
      "cx": 95.5,
      "cy": 95.5,
      "qvec": [
        0.70773278633086,
        -0.29315250099367285,
        0.593858321678445,
        -0.24598416226816827
      ],
      "tvec": [
        -2.9802322387695312e-08,
        6.705522537231445e-08,
        -2.799999952316284
      ],
      "transform_matrix": [
        [
          0.1736481636762619,
          -0.6963642239570618,
          -0.6963642835617065,
          -1.949819803237915
        ],
        [
          3.05791303389924e-09,
          0.7071067690849304,
          -0.7071067094802856,
          -1.9798988103866577
        ],
        [
          0.9848077893257141,
          0.12278778851032257,
          0.12278780341148376,
          0.34380584955215454
        ],
        [
          0.0,
          0.0,
          0.0,
          1.0
        ]
      ]
    },
    {
      "image_id": 30,
      "file_path": "images/0030.png",
      "width": 192,
      "height": 192,
      "fx": 231.76450198781714,
      "fy": 231.76450198781714,
      "cx": 95.5,
      "cy": 95.5,
      "qvec": [
        0.7567977988142203,
        -0.31347590234475436,
        0.5299155518812194,
        -0.21949819642428905
      ],
      "tvec": [
        0.0,
        -1.4901161193847656e-08,
        -2.8000001907348633
      ],
      "transform_matrix": [
        [
          0.3420201241970062,
          -0.6644629836082458,
          -0.6644630432128906,
          -1.8604966402053833
        ],
        [
          -9.901270026091424e-09,
          0.7071067690849304,
          -0.7071067690849304,
          -1.9798990488052368
        ],
        [
          0.9396925568580627,
          0.24184474349021912,
          0.2418447583913803,
          0.6771653890609741
        ],
        [
          0.0,
          0.0,
          0.0,
          1.0
        ]
      ]
    },
    {
      "image_id": 31,
      "file_path": "images/0031.png",
      "width": 192,
      "height": 192,
      "fx": 231.76450198781714,
      "fy": 231.76450198781714,
      "cx": 95.5,
      "cy": 95.5,
      "qvec": [
        0.8001031553313154,
        -0.3314135540296888,
        0.46193976136228415,
        -0.19134172024636859
      ],
      "tvec": [
        5.960464477539063e-08,
        0.0,
        -2.799999713897705
      ],
      "transform_matrix": [
        [
          0.4999999701976776,
          -0.6123723983764648,
          -0.6123723983764648,
          -1.7146426439285278
        ],
        [
          2.8233040350045258e-09,
          0.7071067690849304,
          -0.7071068286895752,
          -1.9798989295959473
        ],
        [
          0.8660253286361694,
          0.3535534143447876,
          0.3535534143447876,
          0.9899494051933289
        ],
        [
          0.0,
          0.0,
          0.0,
          1.0
        ]
      ]
    },
    {
      "image_id": 32,
      "file_path": "images/0032.png",
      "width": 192,
      "height": 192,
      "fx": 231.76450198781714,
      "fy": 231.76450198781714,
      "cx": 95.5,
      "cy": 95.5,
      "qvec": [
        0.8373192182382657,
        -0.34682895884736054,
        0.39044837048393766,
        -0.16172900191416903
      ],
      "tvec": [
        5.960464477539063e-08,
        0.0,
        -2.8000001907348633
      ],
      "transform_matrix": [
        [
          0.6427876353263855,
          -0.5416752099990845,
          -0.5416752099990845,
          -1.516690731048584
        ],
        [
          -1.5700924318127872e-16,
          0.7071067690849304,
          -0.7071067690849304,
          -1.9798991680145264
        ],
        [
          0.7660444378852844,
          0.45451948046684265,
          0.45451948046684265,
          1.27265465259552
        ],
        [
          0.0,
          0.0,
          0.0,
          1.0
        ]
      ]
    },
    {
      "image_id": 33,
      "file_path": "images/0033.png",
      "width": 192,
      "height": 192,
      "fx": 231.76450198781714,
      "fy": 231.76450198781714,
      "cx": 95.5,
      "cy": 95.5,
      "qvec": [
        0.8681627761725652,
        -0.3596047901183647,
        0.3159854240343786,
        -0.13088544911519057
      ],
      "tvec": [
        -5.960464477539063e-08,
        0.0,
        -2.799999952316284
      ],
      "transform_matrix": [
        [
          0.7660444378852844,
          -0.45451948046684265,
          -0.45451948046684265,
          -1.2726545333862305
        ],
        [
          1.5700924318127872e-16,
          0.7071067690849304,
          -0.7071067690849304,
          -1.9798989295959473
        ],
        [
          0.6427876353263855,
          0.5416752099990845,
          0.5416752099990845,
          1.5166906118392944
        ],
        [
          0.0,
          0.0,
          0.0,
          1.0
        ]
      ]
    },
    {
      "image_id": 34,
      "file_path": "images/0034.png",
      "width": 192,
      "height": 192,
      "fx": 231.76450198781714,
      "fy": 231.76450198781714,
      "cx": 95.5,
      "cy": 95.5,
      "qvec": [
        0.892399100977797,
        -0.36964380723293905,
        0.23911762101525705,
        -0.09904576552463687
      ],
      "tvec": [
        -5.960464477539063e-08,
        0.0,
        -2.799999952316284
      ],
      "transform_matrix": [
        [
          0.8660253286361694,
          -0.3535534143447876,
          -0.3535534143447876,
          -0.9899494647979736
        ],
        [
          -2.8233040350045258e-09,
          0.7071067690849304,
          -0.7071068286895752,
          -1.9798990488052368
        ],
        [
          0.4999999701976776,
          0.6123723983764648,
          0.6123723983764648,
          1.7146427631378174
        ],
        [
          0.0,
          0.0,
          0.0,
          1.0
        ]
      ]
    },
    {
      "image_id": 35,
      "file_path": "images/0035.png",
      "width": 192,
      "height": 192,
      "fx": 231.76450198781714,
      "fy": 231.76450198781714,
      "cx": 95.5,
      "cy": 95.5,
      "qvec": [
        0.9098437277588493,
        -0.37686960927800833,
        0.16042999451016465,
        -0.0664522800360622
      ],
      "tvec": [
        0.0,
        0.0,
        -2.8000001907348633
      ],
      "transform_matrix": [
        [
          0.9396925568580627,
          -0.24184474349021912,
          -0.2418447583913803,
          -0.6771653890609741
        ],
        [
          9.901270026091424e-09,
          0.7071067690849304,
          -0.7071067690849304,
          -1.9798990488052368
        ],
        [
          0.3420201241970062,
          0.6644629836082458,
          0.6644630432128906,
          1.8604966402053833
        ],
        [
          0.0,
          0.0,
          0.0,
          1.0
        ]
      ]
    },
    {
      "image_id": 36,
      "file_path": "images/0036.png",
      "width": 192,
      "height": 192,
      "fx": 231.76450198781714,
      "fy": 231.76450198781714,
      "cx": 95.5,
      "cy": 95.5,
      "qvec": [
        0.9203639031519237,
        -0.38122718227018737,
        0.08052139540891125,
        -0.03335305315396525
      ],
      "tvec": [
        2.9802322387695312e-08,
        1.1920928955078125e-07,
        -2.8000001907348633
      ],
      "transform_matrix": [
        [
          0.9848077893257141,
          -0.12278778851032257,
          -0.12278780341148376,
          -0.34380587935447693
        ],
        [
          -3.05791303389924e-09,
          0.7071067690849304,
          -0.7071067094802856,
          -1.9798990488052368
        ],
        [
          0.1736481636762619,
          0.6963642239570618,
          0.6963642835617065,
          1.9498199224472046
        ],
        [
          0.0,
          0.0,
          0.0,
          1.0
        ]
      ]
    },
    {
      "image_id": 37,
      "file_path": "images/0037.png",
      "width": 192,
      "height": 192,
      "fx": 231.76450198781714,
      "fy": 231.76450198781714,
      "cx": 95.5,
      "cy": 95.5,
      "qvec": [
        0.965925831673596,
        -0.25881902500718906,
        0.0,
        0.0
      ],
      "tvec": [
        0.0,
        0.0,
        -2.8000001907348633
      ],
      "transform_matrix": [
        [
          1.0,
          0.0,
          0.0,
          0.0
        ],
        [
          0.0,
          0.866025447845459,
          -0.5,
          -1.4000000953674316
        ],
        [
          0.0,
          0.5,
          0.866025447845459,
          2.4248714447021484
        ],
        [
          0.0,
          0.0,
          0.0,
          1.0
        ]
      ]
    },
    {
      "image_id": 38,
      "file_path": "images/0038.png",
      "width": 192,
      "height": 192,
      "fx": 231.76450198781714,
      "fy": 231.76450198781714,
      "cx": 95.5,
      "cy": 95.5,
      "qvec": [
        0.9622501882746787,
        -0.25783415576316926,
        -0.08418598176597199,
        0.022557565501146543
      ],
      "tvec": [
        2.9802322387695312e-08,
        0.0,
        -2.799999713897705
      ],
      "transform_matrix": [
        [
          0.9848077893257141,
          0.08682409673929214,
          0.15038374066352844,
          0.42107442021369934
        ],
        [
          -9.172299586523991e-10,
          0.8660255074501038,
          -0.5,
          -1.399999976158142
        ],
        [
          -0.1736481785774231,
          0.49240392446517944,
          0.8528685569763184,
          2.3880317211151123
        ],
        [
          0.0,
          0.0,
          0.0,
          1.0
        ]
      ]
    },
    {
      "image_id": 39,
      "file_path": "images/0039.png",
      "width": 192,
      "height": 192,
      "fx": 231.76450198781714,
      "fy": 231.76450198781714,
      "cx": 95.5,
      "cy": 95.5,
      "qvec": [
        0.9512512472385394,
        -0.25488698955410155,
        -0.16773125351729407,
        0.04494345087649659
      ],
      "tvec": [
        0.0,
        0.0,
        -2.8000001907348633
      ],
      "transform_matrix": [
        [
          0.9396926164627075,
          0.17101004719734192,
          0.29619812965393066,
          0.8293547630310059
        ],
        [
          4.0243361421055113e-10,
          0.8660253882408142,
          -0.4999999701976776,
          -1.399999976158142
        ],
        [
          -0.3420201241970062,
          0.46984627842903137,
          0.813797652721405,
          2.2786335945129395
        ],
        [
          0.0,
          0.0,
          0.0,
          1.0
        ]
      ]
    },
    {
      "image_id": 40,
      "file_path": "images/0040.png",
      "width": 192,
      "height": 192,
      "fx": 231.76450198781714,
      "fy": 231.76450198781714,
      "cx": 95.5,
      "cy": 95.5,
      "qvec": [
        0.9330126979715048,
        -0.2499999985256273,
        -0.2500000144966433,
        0.06698730411651226
      ],
      "tvec": [
        0.0,
        0.0,
        -2.799999952316284
      ],
      "transform_matrix": [
        [
          0.8660253286361694,
          0.25,
          0.4330127239227295,
          1.2124356031417847
        ],
        [
          -3.2727596188664165e-09,
          0.8660253882408142,
          -0.5,
          -1.399999976158142
        ],
        [
          -0.5,
          0.4330126643180847,
          0.75,
          2.0999999046325684
        ],
        [
          0.0,
          0.0,
          0.0,
          1.0
        ]
      ]
    },
    {
      "image_id": 41,
      "file_path": "images/0041.png",
      "width": 192,
      "height": 192,
      "fx": 231.76450198781714,
      "fy": 231.76450198781714,
      "cx": 95.5,
      "cy": 95.5,
      "qvec": [
        0.9076733854452694,
        -0.24321033929218064,
        -0.3303660570275831,
        0.08852132274064531
      ],
      "tvec": [
        0.0,
        -5.960464477539063e-08,
        -2.799999952316284
      ],
      "transform_matrix": [
        [
