{
  "frames": [
    {
      "image_id": 1,
      "file_path": "images/0001.png",
      "width": 192,
      "height": 192,
      "fx": 231.76450198781714,
      "fy": 231.76450198781714,
      "cx": 95.5,
      "cy": 95.5,
      "qvec": [
        0.9238795385917465,
        -0.382683417685561,
        0.0,
        0.0
      ],
      "tvec": [
        0.0,
        0.0,
        -2.799999952316284
      ],
      "transform_matrix": [
        [
          1.0,
          0.0,
          0.0,
          0.0
        ],
        [
          0.0,
          0.7071067690849304,
          -0.7071067690849304,
          -1.9798989295959473
        ],
        [
          0.0,
          0.7071067690849304,
          0.7071067690849304,
          1.9798989295959473
        ],
        [
          0.0,
          0.0,
          0.0,
          1.0
        ]
      ]
    },
    {
      "image_id": 2,
      "file_path": "images/0002.png",
      "width": 192,
      "height": 192,
      "fx": 231.76450198781714,
      "fy": 231.76450198781714,
      "cx": 95.5,
      "cy": 95.5,
      "qvec": [
        0.9219014404470552,
        -0.38186406683508445,
        -0.06042460676702792,
        0.02502869271186472
      ],
      "tvec": [
        0.0,
        2.384185791015625e-07,
        -2.8000001907348633
      ],
      "transform_matrix": [
        [
          0.9914448261260986,
          0.09229593724012375,
          0.09229595214128494,
          0.2584286630153656
        ],
        [
          -5.501266997498533e-09,
          0.7071067690849304,
          -0.7071067094802856,
          -1.9798990488052368
        ],
        [
          -0.13052618503570557,
          0.7010573148727417,
          0.7010574340820312,
          1.9629607200622559
        ],
        [
          0.0,
          0.0,
          0.0,
          1.0
        ]
      ]
    },
    {
      "image_id": 3,
      "file_path": "images/0003.png",
      "width": 192,
      "height": 192,
      "fx": 231.76450198781714,
      "fy": 231.76450198781714,
      "cx": 95.5,
      "cy": 95.5,
      "qvec": [
        0.9159756184298528,
        -0.37940951754842195,
        -0.12059046951254074,
        0.04995020619043997
      ],
      "tvec": [
        -5.960464477539063e-08,
        1.1920928955078125e-07,
        -2.799999952316284
      ],
      "transform_matrix": [
        [
          0.9659258723258972,
          0.1830126792192459,
          0.1830126792192459,
          0.5124355554580688
        ],
        [
          -7.307239813236777e-10,
          0.7071068286895752,
          -0.7071067690849304,
          -1.9798989295959473
        ],
        [
          -0.258819043636322,
          0.6830127239227295,
          0.6830127239227295,
          1.912435531616211
        ],
        [
          0.0,
          0.0,
          0.0,
          1.0
        ]
      ]
    },
    {
      "image_id": 4,
      "file_path": "images/0004.png",
      "width": 192,
      "height": 192,
      "fx": 231.76450198781714,
      "fy": 231.76450198781714,
      "cx": 95.5,
      "cy": 95.5,
      "qvec": [
        0.9061274456081326,
        -0.3753302692996527,
        -0.18023997353829085,
        0.07465784086114033
      ],
      "tvec": [
        1.1920928955078125e-07,
        -1.1920928955078125e-07,
        -2.799999952316284
      ],
      "transform_matrix": [
        [
          0.9238795042037964,
          0.27059808373451233,
          0.27059808373451233,
          0.757674515247345
        ],
        [
          -3.340403509355383e-09,
          0.7071067690849304,
          -0.7071068286895752,
          -1.9798990488052368
        ],
        [
          -0.3826834261417389,
          0.6532814502716064,
          0.6532814502716064,
          1.8291882276535034
        ],
        [
          0.0,
          0.0,
          0.0,
          1.0
        ]
      ]
    },
    {
      "image_id": 5,
      "file_path": "images/0005.png",
      "width": 192,
      "height": 192,
      "fx": 231.76450198781714,
      "fy": 231.76450198781714,
      "cx": 95.5,
      "cy": 95.5,
      "qvec": [
        0.892399100977797,
        -0.36964380723293905,
        -0.23911762101525705,
        0.09904576552463687
      ],
      "tvec": [
        5.960464477539063e-08,
        0.0,
        -2.799999952316284
      ],
      "transform_matrix": [
        [
          0.8660253286361694,
          0.3535534143447876,
          0.3535534143447876,
          0.9899494647979736
        ],
        [
          2.8233040350045258e-09,
          0.7071067690849304,
          -0.7071068286895752,
          -1.9798990488052368
        ],
        [
          -0.4999999701976776,
          0.6123723983764648,
          0.6123723983764648,
          1.7146427631378174
        ],
        [
          0.0,
          0.0,
          0.0,
          1.0
        ]
      ]
    },
    {
      "image_id": 6,
      "file_path": "images/0006.png",
      "width": 192,
      "height": 192,
      "fx": 231.76450198781714,
      "fy": 231.76450198781714,
      "cx": 95.5,
      "cy": 95.5,
      "qvec": [
        0.8748493678772565,
        -0.36237445602086255,
        -0.2969713507524885,
        0.12300956865460143
      ],
      "tvec": [
        5.960464477539063e-08,
        1.1920928955078125e-07,
        -2.799999713897705
      ],
      "transform_matrix": [
        [
          0.7933533191680908,
          0.4304593503475189,
          0.4304593801498413,
          1.2052860260009766
        ],
        [
          -1.6718669115789453e-08,
          0.7071067690849304,
          -0.7071067690849304,
          -1.9798988103866577
        ],
        [
          -0.6087614297866821,
          0.5609854459762573,
          0.5609855055809021,
          1.5707592964172363
        ],
        [
          0.0,
          0.0,
          0.0,
          1.0
        ]
      ]
    },
    {
      "image_id": 7,
      "file_path": "images/0007.png",
      "width": 192,
      "height": 192,
      "fx": 231.76450198781714,
      "fy": 231.76450198781714,
      "cx": 95.5,
      "cy": 95.5,
      "qvec": [
        0.8535533918993946,
        -0.35355337306835344,
        -0.3535534079839463,
        0.14644660211819677
      ],
      "tvec": [
        0.0,
        1.1920928955078125e-07,
        -2.799999952316284
      ],
      "transform_matrix": [
        [
          0.7071067690849304,
          0.5,
          0.5,
          1.399999976158142
        ],
        [
          -1.5700924318127872e-16,
          0.7071068286895752,
          -0.7071067690849304,
          -1.9798990488052368
        ],
        [
          -0.7071067690849304,
          0.5,
          0.5,
          1.399999976158142
        ],
        [
          0.0,
          0.0,
          0.0,
          1.0
        ]
      ]
    },
    {
      "image_id": 8,
      "file_path": "images/0008.png",
      "width": 192,
      "height": 192,
      "fx": 231.76450198781714,
      "fy": 231.76450198781714,
      "cx": 95.5,
      "cy": 95.5,
      "qvec": [
        0.8286023906934143,
        -0.34321831352795873,
        -0.40862145247695514,
        0.1692565389336719
      ],
      "tvec": [
        -5.960464477539063e-08,
        1.1920928955078125e-07,
        -2.799999952316284
      ],
      "transform_matrix": [
        [
          0.6087614297866821,
          0.5609854459762573,
          0.5609855055809021,
          1.5707594156265259
        ],
        [
          1.6718670892146292e-08,
          0.7071067690849304,
          -0.7071067690849304,
          -1.9798990488052368
        ],
        [
          -0.7933533191680908,
          0.4304593503475189,
          0.4304593801498413,
          1.2052861452102661
        ],
        [
          0.0,
          0.0,
          0.0,
          1.0
        ]
      ]
    },
    {
      "image_id": 9,
      "file_path": "images/0009.png",
      "width": 192,
      "height": 192,
      "fx": 231.76450198781714,
      "fy": 231.76450198781714,
      "cx": 95.5,
      "cy": 95.5,
      "qvec": [
        0.8001031553313154,
        -0.3314135540296888,
        -0.46193976136228415,
        0.19134172024636859
      ],
      "tvec": [
        -5.960464477539063e-08,
        0.0,
        -2.799999713897705
      ],
      "transform_matrix": [
        [
          0.4999999701976776,
          0.6123723983764648,
          0.6123723983764648,
          1.7146426439285278
        ],
        [
          -2.8233040350045258e-09,
          0.7071067690849304,
          -0.7071068286895752,
          -1.9798989295959473
        ],
        [
          -0.8660253286361694,
          0.3535534143447876,
          0.3535534143447876,
          0.9899494051933289
        ],
        [
          0.0,
          0.0,
          0.0,
          1.0
        ]
      ]
    },
    {
      "image_id": 10,
      "file_path": "images/0010.png",
      "width": 192,
      "height": 192,
      "fx": 231.76450198781714,
      "fy": 231.76450198781714,
      "cx": 95.5,
      "cy": 95.5,
      "qvec": [
        0.7681777456763039,
        -0.3181896552204725,
        -0.5132799755660246,
        0.21260752818583364
      ],
      "tvec": [
        -1.1920928955078125e-07,
        -7.450580596923828e-08,
        -2.799999713897705
      ],
      "transform_matrix": [
        [
          0.3826834261417389,
          0.6532814502716064,
          0.6532814502716064,
          1.8291879892349243
        ],
        [
          3.340403287310778e-09,
          0.7071067690849304,
          -0.7071068286895752,
          -1.9798988103866577
        ],
        [
          -0.9238795042037964,
          0.27059808373451233,
          0.27059808373451233,
          0.7576744556427002
        ],
        [
          0.0,
          0.0,
          0.0,
          1.0
        ]
      ]
    },
    {
      "image_id": 11,
      "file_path": "images/0011.png",
      "width": 192,
      "height": 192,
      "fx": 231.76450198781714,
      "fy": 231.76450198781714,
      "cx": 95.5,
      "cy": 95.5,
      "qvec": [
        0.7329629192491633,
        -0.3036031637304913,
        -0.5624222297993295,
        0.2329629013515482
      ],
      "tvec": [
        5.960464477539063e-08,
        1.043081283569336e-07,
        -2.799999952316284
      ],
      "transform_matrix": [
        [
          0.258819043636322,
          0.6830127239227295,
          0.6830127239227295,
          1.912435531616211
        ],
        [
          7.307239258125264e-10,
          0.7071068286895752,
          -0.7071067690849304,
          -1.9798989295959473
        ],
        [
          -0.9659258723258972,
          0.1830126792192459,
          0.1830126792192459,
          0.5124355554580688
        ],
        [
          0.0,
          0.0,
          0.0,
          1.0
        ]
      ]
    },
    {
      "image_id": 12,
      "file_path": "images/0012.png",
      "width": 192,
      "height": 192,
      "fx": 231.76450198781714,
      "fy": 231.76450198781714,
      "cx": 95.5,
      "cy": 95.5,
      "qvec": [
        0.6946094265690055,
        -0.287716623476079,
        -0.6091560950960053,
        0.25232071041511467
      ],
      "tvec": [
        0.0,
        1.8998980522155762e-07,
        -2.8000001907348633
      ],
      "transform_matrix": [
        [
          0.13052618503570557,
          0.7010573148727417,
          0.7010574340820312,
          1.9629608392715454
        ],
        [
          5.501266997498533e-09,
          0.7071067690849304,
          -0.7071067094802856,
          -1.9798990488052368
        ],
        [
          -0.9914448261260986,
          0.09229593724012375,
          0.09229595214128494,
          0.2584286630153656
        ],
        [
          0.0,
          0.0,
          0.0,
          1.0
        ]
      ]
    },
    {
      "image_id": 13,
      "file_path": "images/0013.png",
      "width": 192,
      "height": 192,
      "fx": 231.76450198781714,
      "fy": 231.76450198781714,
      "cx": 95.5,
      "cy": 95.5,
      "qvec": [
        0.6532814736626653,
        -0.27059804372532914,
        -0.6532814964723752,
        0.27059804372532914
      ],
      "tvec": [
        -1.3234889800848443e-23,
        -5.2491604727053244e-33,
        -2.799999952316284
      ],
      "transform_matrix": [
        [
          6.123234924670329e-17,
          0.7071067690849304,
          0.7071067690849304,
          1.9798989295959473
        ],
        [
          2.33962004156826e-24,
          0.7071067690849304,
          -0.7071067690849304,
          -1.9798989295959473
        ],
        [
          -1.0,
          4.329780963457767e-17,
          4.329780963457767e-17,
          1.2123385374192768e-16
        ],
        [
          0.0,
          0.0,
          0.0,
          1.0
        ]
      ]
    },
    {
      "image_id": 14,
      "file_path": "images/0014.png",
      "width": 192,
      "height": 192,
      "fx": 231.76450198781714,
      "fy": 231.76450198781714,
      "cx": 95.5,
      "cy": 95.5,
      "qvec": [
        0.6091561340860567,
        -0.25232071057821776,
        -0.6946093920381625,
        0.28771662414780197
      ],
      "tvec": [
        0.0,
        1.8998980522155762e-07,
        -2.8000001907348633
      ],
      "transform_matrix": [
        [
          -0.13052618503570557,
          0.7010573148727417,
          0.7010574340820312,
          1.9629608392715454
        ],
        [
          -5.501266997498533e-09,
          0.7071067690849304,
          -0.7071067094802856,
          -1.9798990488052368
        ],
        [
          -0.9914448261260986,
          -0.09229593724012375,
          -0.09229595214128494,
          -0.2584286630153656
        ],
        [
          0.0,
          0.0,
          0.0,
          1.0
        ]
      ]
    },
    {
      "image_id": 15,
      "file_path": "images/0015.png",
      "width": 192,
      "height": 192,
      "fx": 231.76450198781714,
      "fy": 231.76450198781714,
      "cx": 95.5,
      "cy": 95.5,
      "qvec": [
        0.5624222324478233,
        -0.23296292282275968,
        -0.7329629117323494,
        0.30360316049593383
      ],
      "tvec": [
        -5.960464477539063e-08,
        1.043081283569336e-07,
        -2.799999952316284
      ],
      "transform_matrix": [
        [
          -0.258819043636322,
          0.6830127239227295,
          0.6830127239227295,
          1.912435531616211
        ],
        [
          -7.307239258125264e-10,
          0.7071068286895752,
          -0.7071067690849304,
          -1.9798989295959473
        ],
        [
          -0.9659258723258972,
          -0.1830126792192459,
          -0.1830126792192459,
          -0.5124355554580688
        ],
        [
          0.0,
          0.0,
          0.0,
          1.0
        ]
      ]
    },
    {
      "image_id": 16,
      "file_path": "images/0016.png",
      "width": 192,
      "height": 192,
      "fx": 231.76450198781714,
      "fy": 231.76450198781714,
      "cx": 95.5,
      "cy": 95.5,
      "qvec": [
        0.513279931253327,
        -0.21260750051918542,
        -0.768177782128376,
        0.31818965718560654
      ],
      "tvec": [
        1.1920928955078125e-07,
        -7.450580596923828e-08,
        -2.799999713897705
      ],
      "transform_matrix": [
        [
          -0.3826834261417389,
          0.6532814502716064,
          0.6532814502716064,
          1.8291879892349243
        ],
        [
          -3.340403287310778e-09,
          0.7071067690849304,
          -0.7071068286895752,
          -1.9798988103866577
        ],
        [
          -0.9238795042037964,
          -0.27059808373451233,
          -0.27059808373451233,
          -0.7576744556427002
        ],
        [
          0.0,
          0.0,
          0.0,
          1.0
        ]
      ]
    },
    {
      "image_id": 17,
      "file_path": "images/0017.png",
      "width": 192,
      "height": 192,
      "fx": 231.76450198781714,
      "fy": 231.76450198781714,
      "cx": 95.5,
      "cy": 95.5,
      "qvec": [
        -0.4619397849599109,
        0.19134172923773904,
        0.800103133249001,
        -0.3314135692584637
      ],
      "tvec": [
        5.960464477539063e-08,
        0.0,
        -2.799999713897705
      ],
      "transform_matrix": [
        [
          -0.4999999701976776,
          0.6123723983764648,
          0.6123723983764648,
          1.7146426439285278
        ],
        [
          2.8233040350045258e-09,
          0.7071067690849304,
          -0.7071068286895752,
          -1.9798989295959473
        ],
        [
          -0.8660253286361694,
          -0.3535534143447876,
          -0.3535534143447876,
          -0.9899494051933289
        ],
        [
          0.0,
          0.0,
          0.0,
          1.0
        ]
      ]
    },
    {
      "image_id": 18,
      "file_path": "images/0018.png",
      "width": 192,
      "height": 192,
      "fx": 231.76450198781714,
      "fy": 231.76450198781714,
      "cx": 95.5,
      "cy": 95.5,
      "qvec": [
        -0.40862146189202075,
        0.16925655375498058,
        0.8286023770323906,
        -0.3432183279903437
      ],
      "tvec": [
        5.960464477539063e-08,
        1.1920928955078125e-07,
        -2.799999952316284
      ],
      "transform_matrix": [
        [
          -0.6087614297866821,
          0.5609854459762573,
          0.5609855055809021,
          1.5707594156265259
        ],
        [
          -1.6718670892146292e-08,
          0.7071067690849304,
          -0.7071067690849304,
          -1.9798990488052368
        ],
        [
          -0.7933533191680908,
          -0.4304593503475189,
          -0.4304593801498413,
          -1.2052861452102661
        ],
        [
          0.0,
          0.0,
          0.0,
          1.0
        ]
      ]
    },
    {
      "image_id": 19,
      "file_path": "images/0019.png",
      "width": 192,
      "height": 192,
      "fx": 231.76450198781714,
      "fy": 231.76450198781714,
      "cx": 95.5,
      "cy": 95.5,
      "qvec": [
        -0.353553383071046,
        0.14644659994689185,
        0.8535534107924673,
        -0.3535533532687238
      ],
      "tvec": [
        0.0,
        1.1920928955078125e-07,
        -2.799999952316284
      ],
      "transform_matrix": [
        [
          -0.7071067690849304,
          0.5,
          0.5,
          1.399999976158142
        ],
        [
          1.5700924318127872e-16,
          0.7071068286895752,
          -0.7071067690849304,
          -1.9798990488052368
        ],
        [
          -0.7071067690849304,
          -0.5,
          -0.5,
          -1.399999976158142
        ],
        [
          0.0,
          0.0,
          0.0,
          1.0
        ]
      ]
    },
    {
      "image_id": 20,
      "file_path": "images/0020.png",
      "width": 192,
      "height": 192,
      "fx": 231.76450198781714,
      "fy": 231.76450198781714,
      "cx": 95.5,
      "cy": 95.5,
      "qvec": [
        -0.296971348079646,
        0.12300956877129278,
        0.8748493707297672,
        -0.3623744512851157
      ],
      "tvec": [
        -5.960464477539063e-08,
        1.1920928955078125e-07,
        -2.799999713897705
      ],
      "transform_matrix": [
        [
          -0.7933533191680908,
          0.4304593503475189,
          0.4304593801498413,
          1.2052860260009766
        ],
        [
          1.6718669115789453e-08,
          0.7071067690849304,
          -0.7071067690849304,
          -1.9798988103866577
        ],
        [
          -0.6087614297866821,
          -0.5609854459762573,
          -0.5609855055809021,
          -1.5707592964172363
        ],
        [
          0.0,
          0.0,
          0.0,
          1.0
        ]
      ]
    },
    {
      "image_id": 21,
      "file_path": "images/0021.png",
      "width": 192,
      "height": 192,
      "fx": 231.76450198781714,
      "fy": 231.76450198781714,
      "cx": 95.5,
      "cy": 95.5,
      "qvec": [
        -0.23911761571729084,
        0.09904575817166886,
        0.892399107403008,
        -0.3696437971185127
      ],
      "tvec": [
        -5.960464477539063e-08,
        0.0,
        -2.799999952316284
      ],
      "transform_matrix": [
        [
          -0.8660253286361694,
          0.3535534143447876,
          0.3535534143447876,
          0.9899494647979736
        ],
        [
          -2.8233040350045258e-09,
          0.7071067690849304,
          -0.7071068286895752,
          -1.9798990488052368
        ],
        [
          -0.4999999701976776,
          -0.6123723983764648,
          -0.6123723983764648,
          -1.7146427631378174
        ],
        [
          0.0,
          0.0,
          0.0,
          1.0
        ]
      ]
    },
    {
      "image_id": 22,
      "file_path": "images/0022.png",
      "width": 192,
      "height": 192,
      "fx": 231.76450198781714,
      "fy": 231.76450198781714,
      "cx": 95.5,
      "cy": 95.5,
      "qvec": [
        -0.1802399741826526,
        0.07465784199094296,
        0.9061274464667752,
        -0.37533026669254066
      ],
      "tvec": [
        -1.1920928955078125e-07,
        -1.1920928955078125e-07,
        -2.799999952316284
      ],
      "transform_matrix": [
        [
          -0.9238795042037964,
          0.27059808373451233,
          0.27059808373451233,
          0.757674515247345
        ],
        [
          3.340403509355383e-09,
          0.7071067690849304,
          -0.7071068286895752,
          -1.9798990488052368
        ],
        [
          -0.3826834261417389,
          -0.6532814502716064,
          -0.6532814502716064,
          -1.8291882276535034
        ],
        [
          0.0,
          0.0,
          0.0,
          1.0
        ]
      ]
    },
    {
      "image_id": 23,
      "file_path": "images/0023.png",
      "width": 192,
      "height": 192,
      "fx": 231.76450198781714,
      "fy": 231.76450198781714,
      "cx": 95.5,
      "cy": 95.5,
      "qvec": [
        -0.12059046323862292,
        0.04995020477221882,
        0.9159756299639172,
        -0.37940949188352285
      ],
      "tvec": [
        5.960464477539063e-08,
        1.1920928955078125e-07,
        -2.799999952316284
      ],
      "transform_matrix": [
        [
          -0.9659258723258972,
          0.1830126792192459,
          0.1830126792192459,
          0.5124355554580688
        ],
        [
          7.307239813236777e-10,
          0.7071068286895752,
          -0.7071067690849304,
          -1.9798989295959473
        ],
        [
          -0.258819043636322,
          -0.6830127239227295,
          -0.6830127239227295,
          -1.912435531616211
        ],
        [
          0.0,
          0.0,
          0.0,
          1.0
        ]
      ]
    },
    {
      "image_id": 24,
      "file_path": "images/0024.png",
      "width": 192,
      "height": 192,
      "fx": 231.76450198781714,
      "fy": 231.76450198781714,
      "cx": 95.5,
      "cy": 95.5,
      "qvec": [
        -0.06042460581419561,
        0.02502869196487346,
        0.921901442600165,
        -0.3818640618367498
      ],
      "tvec": [
        0.0,
        2.384185791015625e-07,
        -2.8000001907348633
      ],
      "transform_matrix": [
        [
          -0.9914448261260986,
          0.09229593724012375,
          0.09229595214128494,
          0.2584286630153656
        ],
        [
          5.501266997498533e-09,
          0.7071067690849304,
          -0.7071067094802856,
          -1.9798990488052368
        ],
        [
          -0.13052618503570557,
          -0.7010573148727417,
          -0.7010574340820312,
          -1.9629607200622559
        ],
        [
          0.0,
          0.0,
          0.0,
          1.0
        ]
      ]
    },
    {
      "image_id": 25,
      "file_path": "images/0025.png",
      "width": 192,
      "height": 192,
      "fx": 231.76450198781714,
      "fy": 231.76450198781714,
      "cx": 95.5,
      "cy": 95.5,
      "qvec": [
        -5.657130410795593e-17,
        2.3432605035592275e-17,
        0.9238795392949355,
        -0.3826834159879129
      ],
      "tvec": [
        -2.6469779601696886e-23,
        0.0,
        -2.799999952316284
      ],
      "transform_matrix": [
        [
          -1.0,
          8.659561926915534e-17,
          8.659561926915534e-17,
          2.4246770748385536e-16
        ],
        [
          4.67924008313652e-24,
          0.7071067690849304,
          -0.7071067690849304,
          -1.9798989295959473
        ],
        [
          -1.2246469849340659e-16,
          -0.7071067690849304,
          -0.7071067690849304,
          -1.9798989295959473
        ],
        [
          0.0,
          0.0,
          0.0,
          1.0
        ]
      ]
    },
    {
      "image_id": 26,
      "file_path": "images/0026.png",
      "width": 192,
      "height": 192,
      "fx": 231.76450198781714,
      "fy": 231.76450198781714,
      "cx": 95.5,
      "cy": 95.5,
      "qvec": [
        0.06042460581419561,
        -0.02502869196487346,
        0.921901442600165,
        -0.3818640618367498
      ],
      "tvec": [
        0.0,
        2.384185791015625e-07,
        -2.8000001907348633
      ],
      "transform_matrix": [
        [
          -0.9914448261260986,
          -0.09229593724012375,
          -0.09229595214128494,
          -0.2584286630153656
        ],
        [
          -5.501266997498533e-09,
          0.7071067690849304,
          -0.7071067094802856,
          -1.9798990488052368
        ],
        [
          0.13052618503570557,
          -0.7010573148727417,
          -0.7010574340820312,
          -1.9629607200622559
        ],
        [
          0.0,
          0.0,
          0.0,
          1.0
        ]
      ]
    },
    {
      "image_id": 27,
      "file_path": "images/0027.png",
      "width": 192,
      "height": 192,
      "fx": 231.76450198781714,
      "fy": 231.76450198781714,
      "cx": 95.5,
      "cy": 95.5,
      "qvec": [
        0.12059046323862292,
        -0.04995020477221882,
        0.9159756299639172,
        -0.37940949188352285
      ],
      "tvec": [
        -5.960464477539063e-08,
        1.1920928955078125e-07,
        -2.799999952316284
      ],
      "transform_matrix": [
        [
          -0.9659258723258972,
          -0.1830126792192459,
          -0.1830126792192459,
          -0.5124355554580688
        ],
        [
          -7.307239813236777e-10,
          0.7071068286895752,
          -0.7071067690849304,
          -1.9798989295959473
        ],
        [
          0.258819043636322,
          -0.6830127239227295,
          -0.6830127239227295,
          -1.912435531616211
        ],
        [
          0.0,
          0.0,
          0.0,
          1.0
        ]
      ]
    },
    {
      "image_id": 28,
      "file_path": "images/0028.png",
      "width": 192,
      "height": 192,
      "fx": 231.76450198781714,
      "fy": 231.76450198781714,
      "cx": 95.5,
      "cy": 95.5,
      "qvec": [
        0.1802399741826526,
        -0.07465784199094296,
        0.9061274464667752,
        -0.37533026669254066
      ],
      "tvec": [
        1.1920928955078125e-07,
        -1.1920928955078125e-07,
        -2.799999952316284
      ],
      "transform_matrix": [
        [
          -0.9238795042037964,
          -0.27059808373451233,
          -0.27059808373451233,
          -0.757674515247345
        ],
        [
          -3.340403509355383e-09,
          0.7071067690849304,
          -0.7071068286895752,
          -1.9798990488052368
        ],
        [
          0.3826834261417389,
          -0.6532814502716064,
          -0.6532814502716064,
          -1.8291882276535034
        ],
        [
          0.0,
          0.0,
          0.0,
          1.0
        ]
      ]
    },
    {
      "image_id": 29,
      "file_path": "images/0029.png",
      "width": 192,
      "height": 192,
      "fx": 231.76450198781714,
      "fy": 231.76450198781714,
      "cx": 95.5,
      "cy": 95.5,
      "qvec": [
        0.23911761571729084,
        -0.09904575817166886,
        0.892399107403008,
        -0.3696437971185127
      ],
      "tvec": [
        5.960464477539063e-08,
        0.0,
        -2.799999952316284
      ],
      "transform_matrix": [
        [
          -0.8660253286361694,
          -0.3535534143447876,
          -0.3535534143447876,
          -0.9899494647979736
        ],
        [
          2.8233040350045258e-09,
          0.7071067690849304,
          -0.7071068286895752,
          -1.9798990488052368
        ],
        [
          0.4999999701976776,
          -0.6123723983764648,
          -0.6123723983764648,
          -1.7146427631378174
        ],
        [
          0.0,
          0.0,
          0.0,
          1.0
        ]
      ]
    },
    {
      "image_id": 30,
      "file_path": "images/0030.png",
      "width": 192,
      "height": 192,
      "fx": 231.76450198781714,
      "fy": 231.76450198781714,
      "cx": 95.5,
      "cy": 95.5,
      "qvec": [
        0.296971348079646,
        -0.12300956877129278,
        0.8748493707297672,
        -0.3623744512851157
      ],
      "tvec": [
        5.960464477539063e-08,
        1.1920928955078125e-07,
        -2.799999713897705
      ],
      "transform_matrix": [
        [
          -0.7933533191680908,
          -0.4304593503475189,
          -0.4304593801498413,
          -1.2052860260009766
        ],
        [
          -1.6718669115789453e-08,
          0.7071067690849304,
          -0.7071067690849304,
          -1.9798988103866577
        ],
        [
          0.6087614297866821,
          -0.5609854459762573,
          -0.5609855055809021,
          -1.5707592964172363
        ],
        [
          0.0,
          0.0,
          0.0,
          1.0
        ]
      ]
    },
    {
      "image_id": 31,
      "file_path": "images/0031.png",
      "width": 192,
      "height": 192,
      "fx": 231.76450198781714,
      "fy": 231.76450198781714,
      "cx": 95.5,
      "cy": 95.5,
      "qvec": [
        0.353553383071046,
        -0.14644659994689185,
        0.8535534107924673,
        -0.3535533532687238
      ],
      "tvec": [
        0.0,
        1.1920928955078125e-07,
        -2.799999952316284
      ],
      "transform_matrix": [
        [
          -0.7071067690849304,
          -0.5,
          -0.5,
          -1.399999976158142
        ],
        [
          -1.5700924318127872e-16,
          0.7071068286895752,
          -0.7071067690849304,
          -1.9798990488052368
        ],
        [
          0.7071067690849304,
          -0.5,
          -0.5,
          -1.399999976158142
        ],
        [
          0.0,
          0.0,
          0.0,
          1.0
        ]
      ]
    },
    {
      "image_id": 32,
      "file_path": "images/0032.png",
      "width": 192,
      "height": 192,
      "fx": 231.76450198781714,
      "fy": 231.76450198781714,
      "cx": 95.5,
      "cy": 95.5,
      "qvec": [
        0.40862146189202075,
        -0.16925655375498058,
        0.8286023770323906,
        -0.3432183279903437
      ],
      "tvec": [
        -5.960464477539063e-08,
        1.1920928955078125e-07,
        -2.799999952316284
      ],
      "transform_matrix": [
        [
          -0.6087614297866821,
          -0.5609854459762573,
          -0.5609855055809021,
          -1.5707594156265259
        ],
        [
          1.6718670892146292e-08,
          0.7071067690849304,
          -0.7071067690849304,
          -1.9798990488052368
        ],
        [
          0.7933533191680908,
          -0.4304593503475189,
          -0.4304593801498413,
          -1.2052861452102661
        ],
        [
          0.0,
          0.0,
          0.0,
          1.0
        ]
      ]
    },
    {
      "image_id": 33,
      "file_path": "images/0033.png",
      "width": 192,
      "height": 192,
      "fx": 231.76450198781714,
      "fy": 231.76450198781714,
      "cx": 95.5,
      "cy": 95.5,
      "qvec": [
        0.4619397849599109,
        -0.19134172923773904,
        0.800103133249001,
        -0.3314135692584637
      ],
      "tvec": [
        -5.960464477539063e-08,
        0.0,
        -2.799999713897705
      ],
      "transform_matrix": [
        [
          -0.4999999701976776,
          -0.6123723983764648,
          -0.6123723983764648,
          -1.7146426439285278
        ],
        [
          -2.8233040350045258e-09,
          0.7071067690849304,
          -0.7071068286895752,
          -1.9798989295959473
        ],
        [
          0.8660253286361694,
          -0.3535534143447876,
          -0.3535534143447876,
          -0.9899494051933289
        ],
        [
          0.0,
          0.0,
          0.0,
          1.0
        ]
      ]
    },
    {
      "image_id": 34,
      "file_path": "images/0034.png",
      "width": 192,
      "height": 192,
      "fx": 231.76450198781714,
      "fy": 231.76450198781714,
      "cx": 95.5,
      "cy": 95.5,
      "qvec": [
        0.513279931253327,
        -0.21260750051918542,
        0.768177782128376,
        -0.31818965718560654
      ],
      "tvec": [
        -1.1920928955078125e-07,
        -7.450580596923828e-08,
        -2.799999713897705
      ],
      "transform_matrix": [
        [
          -0.3826834261417389,
          -0.6532814502716064,
          -0.6532814502716064,
          -1.8291879892349243
        ],
        [
          3.340403287310778e-09,
          0.7071067690849304,
          -0.7071068286895752,
          -1.9798988103866577
        ],
        [
          0.9238795042037964,
          -0.27059808373451233,
          -0.27059808373451233,
          -0.7576744556427002
        ],
        [
          0.0,
          0.0,
          0.0,
          1.0
        ]
      ]
    },
    {
      "image_id": 35,
      "file_path": "images/0035.png",
      "width": 192,
      "height": 192,
      "fx": 231.76450198781714,
      "fy": 231.76450198781714,
      "cx": 95.5,
      "cy": 95.5,
      "qvec": [
        0.5624222324478233,
        -0.23296292282275968,
        0.7329629117323494,
        -0.30360316049593383
      ],
      "tvec": [
        5.960464477539063e-08,
        1.043081283569336e-07,
        -2.799999952316284
      ],
      "transform_matrix": [
        [
          -0.258819043636322,
          -0.6830127239227295,
          -0.6830127239227295,
          -1.912435531616211
        ],
        [
          7.307239258125264e-10,
          0.7071068286895752,
          -0.7071067690849304,
          -1.9798989295959473
        ],
        [
          0.9659258723258972,
          -0.1830126792192459,
          -0.1830126792192459,
          -0.5124355554580688
        ],
        [
          0.0,
          0.0,
          0.0,
          1.0
        ]
      ]
    },
    {
      "image_id": 36,
      "file_path": "images/0036.png",
      "width": 192,
      "height": 192,
      "fx": 231.76450198781714,
      "fy": 231.76450198781714,
      "cx": 95.5,
      "cy": 95.5,
      "qvec": [
        0.6091561340860567,
        -0.25232071057821776,
        0.6946093920381625,
        -0.28771662414780197
      ],
      "tvec": [
        0.0,
        1.8998980522155762e-07,
        -2.8000001907348633
      ],
      "transform_matrix": [
        [
          -0.13052618503570557,
          -0.7010573148727417,
          -0.7010574340820312,
          -1.9629608392715454
        ],
        [
          5.501266997498533e-09,
          0.7071067690849304,
          -0.7071067094802856,
          -1.9798990488052368
        ],
        [
          0.9914448261260986,
          -0.09229593724012375,
          -0.09229595214128494,
          -0.2584286630153656
        ],
        [
          0.0,
          0.0,
          0.0,
          1.0
        ]
      ]
    },
    {
      "image_id": 37,
      "file_path": "images/0037.png",
      "width": 192,
      "height": 192,
      "fx": 231.76450198781714,
      "fy": 231.76450198781714,
      "cx": 95.5,
      "cy": 95.5,
      "qvec": [
        0.6532814736626653,
        -0.27059804372532914,
        0.6532814964723752,
        -0.27059804372532914
      ],
      "tvec": [
        0.0,
        -4.724243617282426e-32,
        -2.799999952316284
      ],
      "transform_matrix": [
        [
          -1.8369702788777518e-16,
          -0.7071067690849304,
          -0.7071067690849304,
          -1.9798989295959473
        ],
        [
          -0.0,
          0.7071067690849304,
          -0.7071067690849304,
          -1.9798989295959473
        ],
        [
          1.0,
          -1.2989341566884322e-16,
          -1.2989341566884322e-16,
          -3.6370154799089324e-16
        ],
        [
          0.0,
          0.0,
          0.0,
          1.0
        ]
      ]
    },
    {
      "image_id": 38,
      "file_path": "images/0038.png",
      "width": 192,
      "height": 192,
      "fx": 231.76450198781714,
      "fy": 231.76450198781714,
      "cx": 95.5,
      "cy": 95.5,
      "qvec": [
        0.6946094265690055,
        -0.287716623476079,
        0.6091560950960053,
        -0.25232071041511467
      ],
      "tvec": [
        0.0,
        1.8998980522155762e-07,
        -2.8000001907348633
      ],
      "transform_matrix": [
        [
          0.13052618503570557,
          -0.7010573148727417,
          -0.7010574340820312,
          -1.9629608392715454
        ],
        [
          -5.501266997498533e-09,
          0.7071067690849304,
          -0.7071067094802856,
          -1.9798990488052368
        ],
        [
          0.9914448261260986,
          0.09229593724012375,
          0.09229595214128494,
          0.2584286630153656
        ],
        [
          0.0,
          0.0,
          0.0,
          1.0
        ]
      ]
    },
    {
      "image_id": 39,
      "file_path": "images/0039.png",
      "width": 192,
      "height": 192,
      "fx": 231.76450198781714,
      "fy": 231.76450198781714,
      "cx": 95.5,
      "cy": 95.5,
      "qvec": [
        0.7329629192491633,
        -0.3036031637304913,
        0.5624222297993295,
        -0.2329629013515482
      ],
      "tvec": [
        -5.960464477539063e-08,
        1.043081283569336e-07,
        -2.799999952316284
      ],
      "transform_matrix": [
        [
          0.258819043636322,
          -0.6830127239227295,
          -0.6830127239227295,
          -1.912435531616211
        ],
        [
          -7.307239258125264e-10,
          0.7071068286895752,
          -0.7071067690849304,
          -1.9798989295959473
        ],
        [
          0.9659258723258972,
          0.1830126792192459,
          0.1830126792192459,
          0.5124355554580688
        ],
        [
          0.0,
          0.0,
          0.0,
          1.0
        ]
      ]
    },
    {
      "image_id": 40,
      "file_path": "images/0040.png",
      "width": 192,
      "height": 192,
      "fx": 231.76450198781714,
      "fy": 231.76450198781714,
      "cx": 95.5,
      "cy": 95.5,
      "qvec": [
        0.7681777456763039,
        -0.3181896552204725,
        0.5132799755660246,
        -0.21260752818583364
      ],
      "tvec": [
        1.1920928955078125e-07,
        -7.450580596923828e-08,
        -2.799999713897705
      ],
      "transform_matrix": [
        [
          0.3826834261417389,
          -0.6532814502716064,
          -0.6532814502716064,
          -1.8291879892349243
        ],
        [
          -3.340403287310778e-09,
          0.7071067690849304,
          -0.7071068286895752,
          -1.9798988103866577
        ],
        [
          0.9238795042037964,
          0.27059808373451233,
          0.27059808373451233,
          0.7576744556427002
        ],
        [
          0.0,
          0.0,
          0.0,
          1.0
        ]
      ]
    },
    {
      "image_id": 41,
      "file_path": "images/0041.png",
      "width": 192,
      "height": 192,
