{
  "frames": [
    {
      "image_id": 1,
      "file_path": "images/0001.png",
      "width": 192,
      "height": 192,
      "fx": 231.76450198781714,
      "fy": 231.76450198781714,
      "cx": 95.5,
      "cy": 95.5,
      "qvec": [
        0.965925831673596,
        -0.25881902500718906,
        0.0,
        0.0
      ],
      "tvec": [
        0.0,
        0.0,
        -2.8000001907348633
      ],
      "transform_matrix": [
        [
          1.0,
          0.0,
          0.0,
          0.0
        ],
        [
          0.0,
          0.866025447845459,
          -0.5,
          -1.4000000953674316
        ],
        [
          0.0,
          0.5,
          0.866025447845459,
          2.4248714447021484
        ],
        [
          0.0,
          0.0,
          0.0,
          1.0
        ]
      ]
    },
    {
      "image_id": 2,
      "file_path": "images/0002.png",
      "width": 192,
      "height": 192,
      "fx": 231.76450198781714,
      "fy": 231.76450198781714,
      "cx": 95.5,
      "cy": 95.5,
      "qvec": [
        0.9576621986699217,
        -0.25660481071675706,
        -0.12607861075232202,
        0.03378266221707124
      ],
      "tvec": [
        -5.960464477539063e-08,
        1.1920928955078125e-07,
        -2.799999952316284
      ],
      "transform_matrix": [
        [
          0.9659258127212524,
          0.12940950691699982,
          0.2241438627243042,
          0.6276028156280518
        ],
        [
          1.0086597113101448e-09,
          0.8660253286361694,
          -0.4999999701976776,
          -1.399999976158142
        ],
        [
          -0.25881901383399963,
          0.48296284675598145,
          0.8365163207054138,
          2.342245578765869
        ],
        [
          0.0,
          0.0,
          0.0,
          1.0
        ]
      ]
    },
    {
      "image_id": 3,
      "file_path": "images/0003.png",
      "width": 192,
      "height": 192,
      "fx": 231.76450198781714,
      "fy": 231.76450198781714,
      "cx": 95.5,
      "cy": 95.5,
      "qvec": [
        0.9330126979715048,
        -0.2499999985256273,
        -0.2500000144966433,
        0.06698730411651226
      ],
      "tvec": [
        0.0,
        0.0,
        -2.799999952316284
      ],
      "transform_matrix": [
        [
          0.8660253286361694,
          0.25,
          0.4330127239227295,
          1.2124356031417847
        ],
        [
          -3.2727596188664165e-09,
          0.8660253882408142,
          -0.5,
          -1.399999976158142
        ],
        [
          -0.5,
          0.4330126643180847,
          0.75,
          2.0999999046325684
        ],
        [
          0.0,
          0.0,
          0.0,
          1.0
        ]
      ]
    },
    {
      "image_id": 4,
      "file_path": "images/0004.png",
      "width": 192,
      "height": 192,
      "fx": 231.76450198781714,
      "fy": 231.76450198781714,
      "cx": 95.5,
      "cy": 95.5,
      "qvec": [
        0.892399100977797,
        -0.23911762101525705,
        -0.36964380723293905,
        0.09904576552463687
      ],
      "tvec": [
        0.0,
        -1.1920928955078125e-07,
        -2.799999952316284
      ],
      "transform_matrix": [
        [
          0.7071067094802856,
          0.3535534143447876,
          0.6123724579811096,
          1.714642882347107
        ],
        [
          0.0,
          0.8660253882408142,
          -0.5000000596046448,
          -1.399999976158142
        ],
        [
          -0.7071067094802856,
          0.3535534143447876,
          0.6123724579811096,
          1.714642882347107
        ],
        [
          0.0,
          0.0,
          0.0,
          1.0
        ]
      ]
    },
    {
      "image_id": 5,
      "file_path": "images/0005.png",
      "width": 192,
      "height": 192,
      "fx": 231.76450198781714,
      "fy": 231.76450198781714,
      "cx": 95.5,
      "cy": 95.5,
      "qvec": [
        0.836516303635463,
        -0.22414386272205378,
        -0.48296291484962406,
        0.12940952606378514
      ],
      "tvec": [
        0.0,
        0.0,
        -2.799999952316284
      ],
      "transform_matrix": [
        [
          0.5,
          0.4330126643180847,
          0.75,
          2.0999999046325684
        ],
        [
          3.2727593968218116e-09,
          0.8660253882408142,
          -0.5,
          -1.399999976158142
        ],
        [
          -0.8660253286361694,
          0.25,
          0.4330127239227295,
          1.2124356031417847
        ],
        [
          0.0,
          0.0,
          0.0,
          1.0
        ]
      ]
    },
    {
      "image_id": 6,
      "file_path": "images/0006.png",
      "width": 192,
      "height": 192,
      "fx": 231.76450198781714,
      "fy": 231.76450198781714,
      "cx": 95.5,
      "cy": 95.5,
      "qvec": [
        0.7663204821446706,
        -0.2053349553486276,
        -0.5880183836926095,
        0.15755905304700146
      ],
      "tvec": [
        5.960464477539063e-08,
        1.043081283569336e-07,
        -2.799999952316284
      ],
      "transform_matrix": [
        [
          0.25881901383399963,
          0.48296284675598145,
          0.8365163207054138,
          2.342245578765869
        ],
        [
          -1.0086597113101448e-09,
          0.8660253286361694,
          -0.4999999701976776,
          -1.399999976158142
        ],
        [
          -0.9659258127212524,
          0.12940950691699982,
          0.2241438627243042,
          0.6276028156280518
        ],
        [
          0.0,
          0.0,
          0.0,
          1.0
        ]
      ]
    },
    {
      "image_id": 7,
      "file_path": "images/0007.png",
      "width": 192,
      "height": 192,
      "fx": 231.76450198781714,
      "fy": 231.76450198781714,
      "cx": 95.5,
      "cy": 95.5,
      "qvec": [
        0.6830126940605237,
        -0.18301269040977552,
        -0.6830127158773378,
        0.18301269040977552
      ],
      "tvec": [
        0.0,
        -4.5459044469365825e-33,
        -2.8000001907348633
      ],
      "transform_matrix": [
        [
          6.123233601181349e-17,
          0.5,
          0.866025447845459,
          2.4248714447021484
        ],
        [
          -2.0272607053846853e-24,
          0.866025447845459,
          -0.5,
          -1.4000000953674316
        ],
        [
          -1.0,
          3.0616168005906746e-17,
          5.302875905192904e-17,
          1.4848053460982417e-16
        ],
        [
          0.0,
          0.0,
          0.0,
          1.0
        ]
      ]
    },
    {
      "image_id": 8,
      "file_path": "images/0008.png",
      "width": 192,
      "height": 192,
      "fx": 231.76450198781714,
      "fy": 231.76450198781714,
      "cx": 95.5,
      "cy": 95.5,
      "qvec": [
        0.5880184037690556,
        -0.15755904415377794,
        -0.7663204690788243,
        0.20533495344205352
      ],
      "tvec": [
        -5.960464477539063e-08,
        1.043081283569336e-07,
        -2.799999952316284
      ],
      "transform_matrix": [
        [
          -0.25881901383399963,
          0.48296284675598145,
          0.8365163207054138,
          2.342245578765869
        ],
        [
          1.0086597113101448e-09,
          0.8660253286361694,
          -0.4999999701976776,
          -1.399999976158142
        ],
        [
          -0.9659258127212524,
          -0.12940950691699982,
          -0.2241438627243042,
          -0.6276028156280518
        ],
        [
          0.0,
          0.0,
          0.0,
          1.0
        ]
      ]
    },
    {
      "image_id": 9,
      "file_path": "images/0009.png",
      "width": 192,
      "height": 192,
      "fx": 231.76450198781714,
      "fy": 231.76450198781714,
      "cx": 95.5,
      "cy": 95.5,
      "qvec": [
        -0.4829629017094514,
        0.12940952057188246,
        0.8365163126493423,
        -0.22414386056568647
      ],
      "tvec": [
        0.0,
        0.0,
        -2.799999952316284
      ],
      "transform_matrix": [
        [
          -0.5,
          0.4330126643180847,
          0.75,
          2.0999999046325684
        ],
        [
          -3.2727593968218116e-09,
          0.8660253882408142,
          -0.5,
          -1.399999976158142
        ],
        [
          -0.8660253286361694,
          -0.25,
          -0.4330127239227295,
          -1.2124356031417847
        ],
        [
          0.0,
          0.0,
          0.0,
          1.0
        ]
      ]
    },
    {
      "image_id": 10,
      "file_path": "images/0010.png",
      "width": 192,
      "height": 192,
      "fx": 231.76450198781714,
      "fy": 231.76450198781714,
      "cx": 95.5,
      "cy": 95.5,
      "qvec": [
        -0.3696437971185127,
        0.09904575817166886,
        0.892399107403008,
        -0.23911761571729084
      ],
      "tvec": [
        0.0,
        -1.1920928955078125e-07,
        -2.799999952316284
      ],
      "transform_matrix": [
        [
          -0.7071067094802856,
          0.3535534143447876,
          0.6123724579811096,
          1.714642882347107
        ],
        [
          0.0,
          0.8660253882408142,
          -0.5000000596046448,
          -1.399999976158142
        ],
        [
          -0.7071067094802856,
          -0.3535534143447876,
          -0.6123724579811096,
          -1.714642882347107
        ],
        [
          0.0,
          0.0,
          0.0,
          1.0
        ]
      ]
    },
    {
      "image_id": 11,
      "file_path": "images/0011.png",
      "width": 192,
      "height": 192,
      "fx": 231.76450198781714,
      "fy": 231.76450198781714,
      "cx": 95.5,
      "cy": 95.5,
      "qvec": [
        -0.2500000226708369,
        0.06698730396871712,
        0.9330126973076659,
        -0.24999999286851535
      ],
      "tvec": [
        0.0,
        0.0,
        -2.799999952316284
      ],
      "transform_matrix": [
        [
          -0.8660253286361694,
          0.25,
          0.4330127239227295,
          1.2124356031417847
        ],
        [
          3.2727596188664165e-09,
          0.8660253882408142,
          -0.5,
          -1.399999976158142
        ],
        [
          -0.5,
          -0.4330126643180847,
          -0.75,
          -2.0999999046325684
        ],
        [
          0.0,
          0.0,
          0.0,
          1.0
        ]
      ]
    },
    {
      "image_id": 12,
      "file_path": "images/0012.png",
      "width": 192,
      "height": 192,
      "fx": 231.76450198781714,
      "fy": 231.76450198781714,
      "cx": 95.5,
      "cy": 95.5,
      "qvec": [
        -0.12607861691923186,
        0.033782663712771714,
        0.9576621971682557,
        -0.2566048130941276
      ],
      "tvec": [
        5.960464477539063e-08,
        1.1920928955078125e-07,
        -2.799999952316284
      ],
      "transform_matrix": [
        [
          -0.9659258127212524,
          0.12940950691699982,
          0.2241438627243042,
          0.6276028156280518
        ],
        [
          -1.0086597113101448e-09,
          0.8660253286361694,
          -0.4999999701976776,
          -1.399999976158142
        ],
        [
          -0.25881901383399963,
          -0.48296284675598145,
          -0.8365163207054138,
          -2.342245578765869
        ],
        [
          0.0,
          0.0,
          0.0,
          1.0
        ]
      ]
    },
    {
      "image_id": 13,
      "file_path": "images/0013.png",
      "width": 192,
      "height": 192,
      "fx": 231.76450198781714,
      "fy": 231.76450198781714,
      "cx": 95.5,
      "cy": 95.5,
      "qvec": [
        -5.914589613696059e-17,
        1.5848094190318885e-17,
        0.9659258257467467,
        -0.25881904712649273
      ],
      "tvec": [
        0.0,
        0.0,
        -2.8000001907348633
      ],
      "transform_matrix": [
        [
          -1.0,
          6.123233601181349e-17,
          1.0605751810385808e-16,
          2.9696106921964834e-16
        ],
        [
          -4.0545214107693705e-24,
          0.866025447845459,
          -0.5,
          -1.4000000953674316
        ],
        [
          -1.2246467202362698e-16,
          -0.5,
          -0.866025447845459,
          -2.4248714447021484
        ],
        [
          0.0,
          0.0,
          0.0,
          1.0
        ]
      ]
    },
    {
      "image_id": 14,
      "file_path": "images/0014.png",
      "width": 192,
      "height": 192,
      "fx": 231.76450198781714,
      "fy": 231.76450198781714,
      "cx": 95.5,
      "cy": 95.5,
      "qvec": [
        0.12607861691923186,
        -0.033782663712771714,
        0.9576621971682557,
        -0.2566048130941276
      ],
      "tvec": [
        -5.960464477539063e-08,
        1.1920928955078125e-07,
        -2.799999952316284
      ],
      "transform_matrix": [
        [
          -0.9659258127212524,
          -0.12940950691699982,
          -0.2241438627243042,
          -0.6276028156280518
        ],
        [
          1.0086597113101448e-09,
          0.8660253286361694,
          -0.4999999701976776,
          -1.399999976158142
        ],
        [
          0.25881901383399963,
          -0.48296284675598145,
          -0.8365163207054138,
          -2.342245578765869
        ],
        [
          0.0,
          0.0,
          0.0,
          1.0
        ]
      ]
    },
    {
      "image_id": 15,
      "file_path": "images/0015.png",
      "width": 192,
      "height": 192,
      "fx": 231.76450198781714,
      "fy": 231.76450198781714,
      "cx": 95.5,
      "cy": 95.5,
      "qvec": [
        0.2500000226708369,
        -0.06698730396871712,
        0.9330126973076659,
        -0.24999999286851535
      ],
      "tvec": [
        0.0,
        0.0,
        -2.799999952316284
      ],
      "transform_matrix": [
        [
          -0.8660253286361694,
          -0.25,
          -0.4330127239227295,
          -1.2124356031417847
        ],
        [
          -3.2727596188664165e-09,
          0.8660253882408142,
          -0.5,
          -1.399999976158142
        ],
        [
          0.5,
          -0.4330126643180847,
          -0.75,
          -2.0999999046325684
        ],
        [
          0.0,
          0.0,
          0.0,
          1.0
        ]
      ]
    },
    {
      "image_id": 16,
      "file_path": "images/0016.png",
      "width": 192,
      "height": 192,
      "fx": 231.76450198781714,
      "fy": 231.76450198781714,
      "cx": 95.5,
      "cy": 95.5,
      "qvec": [
        0.3696437971185127,
        -0.09904575817166886,
        0.892399107403008,
        -0.23911761571729084
      ],
      "tvec": [
        0.0,
        -1.1920928955078125e-07,
        -2.799999952316284
      ],
      "transform_matrix": [
        [
          -0.7071067094802856,
          -0.3535534143447876,
          -0.6123724579811096,
          -1.714642882347107
        ],
        [
          0.0,
          0.8660253882408142,
          -0.5000000596046448,
          -1.399999976158142
        ],
        [
          0.7071067094802856,
          -0.3535534143447876,
          -0.6123724579811096,
          -1.714642882347107
        ],
        [
          0.0,
          0.0,
          0.0,
          1.0
        ]
      ]
    },
    {
      "image_id": 17,
      "file_path": "images/0017.png",
      "width": 192,
      "height": 192,
      "fx": 231.76450198781714,
      "fy": 231.76450198781714,
      "cx": 95.5,
      "cy": 95.5,
      "qvec": [
        0.4829629017094514,
        -0.12940952057188246,
        0.8365163126493423,
        -0.22414386056568647
      ],
      "tvec": [
        0.0,
        0.0,
        -2.799999952316284
      ],
      "transform_matrix": [
        [
          -0.5,
          -0.4330126643180847,
          -0.75,
          -2.0999999046325684
        ],
        [
          3.2727593968218116e-09,
          0.8660253882408142,
          -0.5,
          -1.399999976158142
        ],
        [
          0.8660253286361694,
          -0.25,
          -0.4330127239227295,
          -1.2124356031417847
        ],
        [
          0.0,
          0.0,
          0.0,
          1.0
        ]
      ]
    },
    {
      "image_id": 18,
      "file_path": "images/0018.png",
      "width": 192,
      "height": 192,
      "fx": 231.76450198781714,
      "fy": 231.76450198781714,
      "cx": 95.5,
      "cy": 95.5,
      "qvec": [
        0.5880184037690556,
        -0.15755904415377794,
        0.7663204690788243,
        -0.20533495344205352
      ],
      "tvec": [
        5.960464477539063e-08,
        1.043081283569336e-07,
        -2.799999952316284
      ],
      "transform_matrix": [
        [
          -0.25881901383399963,
          -0.48296284675598145,
          -0.8365163207054138,
          -2.342245578765869
        ],
        [
          -1.0086597113101448e-09,
          0.8660253286361694,
          -0.4999999701976776,
          -1.399999976158142
        ],
        [
          0.9659258127212524,
          -0.12940950691699982,
          -0.2241438627243042,
          -0.6276028156280518
        ],
        [
          0.0,
          0.0,
          0.0,
          1.0
        ]
      ]
    },
    {
      "image_id": 19,
      "file_path": "images/0019.png",
      "width": 192,
      "height": 192,
      "fx": 231.76450198781714,
      "fy": 231.76450198781714,
      "cx": 95.5,
      "cy": 95.5,
      "qvec": [
        0.6830126940605237,
        -0.18301269040977552,
        0.6830127158773378,
        -0.18301269040977552
      ],
      "tvec": [
        0.0,
        -4.0913142593823135e-32,
        -2.8000001907348633
      ],
      "transform_matrix": [
        [
          -1.8369701465288538e-16,
          -0.5,
          -0.866025447845459,
          -2.4248714447021484
        ],
        [
          1.3034546938269215e-24,
          0.866025447845459,
          -0.5,
          -1.4000000953674316
        ],
        [
          1.0,
          -9.184850732644269e-17,
          -1.5908628708195447e-16,
          -4.454416567690317e-16
        ],
        [
          0.0,
          0.0,
          0.0,
          1.0
        ]
      ]
    },
    {
      "image_id": 20,
      "file_path": "images/0020.png",
      "width": 192,
      "height": 192,
      "fx": 231.76450198781714,
      "fy": 231.76450198781714,
      "cx": 95.5,
      "cy": 95.5,
      "qvec": [
        0.7663204821446706,
        -0.2053349553486276,
        0.5880183836926095,
        -0.15755905304700146
      ],
      "tvec": [
        -5.960464477539063e-08,
        1.043081283569336e-07,
        -2.799999952316284
      ],
      "transform_matrix": [
        [
          0.25881901383399963,
          -0.48296284675598145,
          -0.8365163207054138,
          -2.342245578765869
        ],
        [
          1.0086597113101448e-09,
          0.8660253286361694,
          -0.4999999701976776,
          -1.399999976158142
        ],
        [
          0.9659258127212524,
          0.12940950691699982,
          0.2241438627243042,
          0.6276028156280518
        ],
        [
          0.0,
          0.0,
          0.0,
          1.0
        ]
      ]
    },
    {
      "image_id": 21,
      "file_path": "images/0021.png",
      "width": 192,
      "height": 192,
      "fx": 231.76450198781714,
      "fy": 231.76450198781714,
      "cx": 95.5,
      "cy": 95.5,
      "qvec": [
        0.836516303635463,
        -0.22414386272205378,
        0.48296291484962406,
        -0.12940952606378514
      ],
      "tvec": [
        0.0,
        0.0,
        -2.799999952316284
      ],
      "transform_matrix": [
        [
          0.5,
          -0.4330126643180847,
          -0.75,
          -2.0999999046325684
        ],
        [
          -3.2727593968218116e-09,
          0.8660253882408142,
          -0.5,
          -1.399999976158142
        ],
        [
          0.8660253286361694,
          0.25,
          0.4330127239227295,
          1.2124356031417847
        ],
        [
          0.0,
          0.0,
          0.0,
          1.0
        ]
      ]
    },
    {
      "image_id": 22,
      "file_path": "images/0022.png",
      "width": 192,
      "height": 192,
      "fx": 231.76450198781714,
      "fy": 231.76450198781714,
      "cx": 95.5,
      "cy": 95.5,
      "qvec": [
        0.892399100977797,
        -0.23911762101525705,
        0.36964380723293905,
        -0.09904576552463687
      ],
      "tvec": [
        0.0,
        -1.1920928955078125e-07,
        -2.799999952316284
      ],
      "transform_matrix": [
        [
          0.7071067094802856,
          -0.3535534143447876,
          -0.6123724579811096,
          -1.714642882347107
        ],
        [
          0.0,
          0.8660253882408142,
          -0.5000000596046448,
          -1.399999976158142
        ],
        [
          0.7071067094802856,
          0.3535534143447876,
          0.6123724579811096,
          1.714642882347107
        ],
        [
          0.0,
          0.0,
          0.0,
          1.0
        ]
      ]
    },
    {
      "image_id": 23,
      "file_path": "images/0023.png",
      "width": 192,
      "height": 192,
      "fx": 231.76450198781714,
      "fy": 231.76450198781714,
      "cx": 95.5,
      "cy": 95.5,
      "qvec": [
        0.9330126979715048,
        -0.2499999985256273,
        0.2500000144966433,
        -0.06698730411651226
      ],
      "tvec": [
        0.0,
        0.0,
        -2.799999952316284
      ],
      "transform_matrix": [
        [
          0.8660253286361694,
          -0.25,
          -0.4330127239227295,
          -1.2124356031417847
        ],
        [
          3.2727596188664165e-09,
          0.8660253882408142,
          -0.5,
          -1.399999976158142
        ],
        [
          0.5,
          0.4330126643180847,
          0.75,
          2.0999999046325684
        ],
        [
          0.0,
          0.0,
          0.0,
          1.0
        ]
      ]
    },
    {
      "image_id": 24,
      "file_path": "images/0024.png",
      "width": 192,
      "height": 192,
      "fx": 231.76450198781714,
      "fy": 231.76450198781714,
      "cx": 95.5,
      "cy": 95.5,
      "qvec": [
        0.9576621986699217,
        -0.25660481071675706,
        0.12607861075232202,
        -0.03378266221707124
      ],
      "tvec": [
        5.960464477539063e-08,
        1.1920928955078125e-07,
        -2.799999952316284
      ],
      "transform_matrix": [
        [
          0.9659258127212524,
          -0.12940950691699982,
          -0.2241438627243042,
          -0.6276028156280518
        ],
        [
          -1.0086597113101448e-09,
          0.8660253286361694,
          -0.4999999701976776,
          -1.399999976158142
        ],
        [
          0.25881901383399963,
          0.48296284675598145,
          0.8365163207054138,
          2.342245578765869
        ],
        [
          0.0,
          0.0,
          0.0,
          1.0
        ]
      ]
    },
    {
      "image_id": 25,
      "file_path": "images/0025.png",
      "width": 192,
      "height": 192,
      "fx": 231.76450198781714,
      "fy": 231.76450198781714,
      "cx": 95.5,
      "cy": 95.5,
      "qvec": [
        0.99619469861263,
        -0.08715573679392148,
        0.0,
        0.0
      ],
      "tvec": [
        0.0,
        2.9802322387695312e-08,
        -2.799999952316284
      ],
      "transform_matrix": [
        [
          1.0,
          0.0,
          0.0,
          0.0
        ],
        [
          0.0,
          0.9848077893257141,
          -0.1736481785774231,
          -0.48621490597724915
        ],
        [
          0.0,
          0.1736481785774231,
          0.9848077893257141,
          2.7574617862701416
        ],
        [
          0.0,
          0.0,
          0.0,
          1.0
        ]
      ]
    },
    {
      "image_id": 26,
      "file_path": "images/0026.png",
      "width": 192,
      "height": 192,
      "fx": 231.76450198781714,
      "fy": 231.76450198781714,
      "cx": 95.5,
      "cy": 95.5,
      "qvec": [
        0.9876721122796978,
        -0.08641011515592813,
        -0.1300295150262507,
        0.011376108549814608
      ],
      "tvec": [
        1.1920928955078125e-07,
        2.9802322387695312e-08,
        -2.799999952316284
      ],
      "transform_matrix": [
        [
          0.9659258127212524,
          0.04494346305727959,
          0.25488704442977905,
          0.7136836051940918
        ],
        [
          -1.0950872431081393e-09,
          0.9848077893257141,
          -0.1736481785774231,
          -0.48621493577957153
        ],
        [
          -0.2588190734386444,
          0.16773127019405365,
          0.9512512683868408,
          2.663503408432007
        ],
        [
          0.0,
          0.0,
          0.0,
          1.0
        ]
      ]
    },
    {
      "image_id": 27,
      "file_path": "images/0027.png",
      "width": 192,
      "height": 192,
      "fx": 231.76450198781714,
      "fy": 231.76450198781714,
      "cx": 95.5,
      "cy": 95.5,
      "qvec": [
        0.9622501890210503,
        -0.08418597641196258,
        -0.2578341548513329,
        0.022557564066544068
      ],
      "tvec": [
        0.0,
        0.0,
        -2.799999952316284
      ],
      "transform_matrix": [
        [
          0.8660253882408142,
          0.08682408928871155,
          0.49240389466285706,
          1.3787308931350708
        ],
        [
          3.564554651447338e-09,
          0.9848077893257141,
          -0.1736481785774231,
          -0.48621490597724915
        ],
        [
          -0.5,
          0.15038372576236725,
          0.8528685569763184,
          2.3880319595336914
        ],
        [
          0.0,
          0.0,
          0.0,
          1.0
        ]
      ]
    },
    {
      "image_id": 28,
      "file_path": "images/0028.png",
      "width": 192,
      "height": 192,
      "fx": 231.76450198781714,
      "fy": 231.76450198781714,
      "cx": 95.5,
      "cy": 95.5,
      "qvec": [
        0.9203638910041626,
        -0.08052140244137479,
        -0.3812272096194394,
        0.0333530587851838
      ],
      "tvec": [
        0.0,
        2.9802322387695312e-08,
        -2.8000001907348633
      ],
      "transform_matrix": [
        [
          0.7071067094802856,
          0.12278778105974197,
          0.6963642239570618,
          1.9498199224472046
        ],
        [
          0.0,
          0.9848076105117798,
          -0.1736481487751007,
          -0.48621487617492676
        ],
        [
          -0.7071067094802856,
          0.12278778105974197,
          0.6963642239570618,
          1.9498199224472046
        ],
        [
          0.0,
          0.0,
          0.0,
          1.0
        ]
      ]
    },
    {
      "image_id": 29,
      "file_path": "images/0029.png",
      "width": 192,
      "height": 192,
      "fx": 231.76450198781714,
      "fy": 231.76450198781714,
      "cx": 95.5,
      "cy": 95.5,
      "qvec": [
        0.8627299199332881,
        -0.07547908032422439,
        -0.49809734283151674,
        0.04357786995131915
      ],
      "tvec": [
        0.0,
        7.450580596923828e-09,
        -2.799999713897705
      ],
      "transform_matrix": [
        [
          0.5,
          0.15038372576236725,
          0.8528685569763184,
          2.3880317211151123
        ],
        [
          -3.564554651447338e-09,
          0.9848077893257141,
          -0.1736481785774231,
          -0.48621484637260437
        ],
        [
          -0.8660253882408142,
          0.08682408928871155,
          0.49240389466285706,
          1.3787307739257812
        ],
        [
          0.0,
          0.0,
          0.0,
          1.0
        ]
      ]
    },
    {
      "image_id": 30,
      "file_path": "images/0030.png",
      "width": 192,
      "height": 192,
      "fx": 231.76450198781714,
      "fy": 231.76450198781714,
      "cx": 95.5,
      "cy": 95.5,
      "qvec": [
        0.7903344096994501,
        -0.06914529989549063,
        -0.6064448840285522,
        0.05305705403601175
      ],
      "tvec": [
        -1.1920928955078125e-07,
        2.60770320892334e-08,
        -2.799999713897705
      ],
      "transform_matrix": [
        [
          0.2588190734386444,
          0.16773127019405365,
          0.9512512683868408,
          2.6635031700134277
        ],
        [
          1.0950872431081393e-09,
          0.9848077893257141,
          -0.1736481785774231,
          -0.48621487617492676
        ],
        [
          -0.9659258127212524,
          0.04494346305727959,
          0.25488704442977905,
          0.713683545589447
        ],
        [
          0.0,
          0.0,
          0.0,
          1.0
        ]
      ]
    },
    {
      "image_id": 31,
      "file_path": "images/0031.png",
      "width": 192,
      "height": 192,
      "fx": 231.76450198781714,
      "fy": 231.76450198781714,
      "cx": 95.5,
      "cy": 95.5,
      "qvec": [
        0.7044160267710796,
        -0.06162841250629177,
        -0.7044160267710797,
        0.06162841250629177
      ],
      "tvec": [
        0.0,
        2.9802322387695312e-08,
        -2.799999952316284
      ],
      "transform_matrix": [
        [
          6.123233601181349e-17,
          0.1736481785774231,
          0.9848077893257141,
          2.7574617862701416
        ],
        [
          4.997473585769162e-26,
          0.9848077893257141,
          -0.1736481785774231,
          -0.48621490597724915
        ],
        [
          -1.0,
          1.0632883169041425e-17,
          6.030208207749146e-17,
          1.6884582716999812e-16
        ],
        [
          0.0,
          0.0,
          0.0,
          1.0
        ]
      ]
    },
    {
      "image_id": 32,
      "file_path": "images/0032.png",
      "width": 192,
      "height": 192,
      "fx": 231.76450198781714,
      "fy": 231.76450198781714,
      "cx": 95.5,
      "cy": 95.5,
      "qvec": [
        0.6064449046757143,
        -0.05305705947407833,
        -0.7903343933129037,
        0.06914530193406172
      ],
      "tvec": [
        1.1920928955078125e-07,
        2.60770320892334e-08,
        -2.799999713897705
      ],
      "transform_matrix": [
        [
          -0.2588190734386444,
          0.16773127019405365,
          0.9512512683868408,
          2.6635031700134277
        ],
        [
          -1.0950872431081393e-09,
          0.9848077893257141,
          -0.1736481785774231,
          -0.48621487617492676
        ],
        [
          -0.9659258127212524,
          -0.04494346305727959,
          -0.25488704442977905,
          -0.713683545589447
        ],
        [
          0.0,
          0.0,
          0.0,
          1.0
        ]
      ]
    },
    {
      "image_id": 33,
      "file_path": "images/0033.png",
      "width": 192,
      "height": 192,
      "fx": 231.76450198781714,
      "fy": 231.76450198781714,
      "cx": 95.5,
      "cy": 95.5,
      "qvec": [
        -0.4980973389153285,
        0.04357786924237241,
        0.8627299219029313,
        -0.075479084063898
      ],
      "tvec": [
        0.0,
        7.450580596923828e-09,
        -2.799999713897705
      ],
      "transform_matrix": [
        [
          -0.5,
          0.15038372576236725,
          0.8528685569763184,
          2.3880317211151123
        ],
        [
          3.564554651447338e-09,
          0.9848077893257141,
          -0.1736481785774231,
          -0.48621484637260437
        ],
        [
          -0.8660253882408142,
          -0.08682408928871155,
          -0.49240389466285706,
          -1.3787307739257812
        ],
        [
          0.0,
          0.0,
          0.0,
          1.0
        ]
      ]
    },
    {
      "image_id": 34,
      "file_path": "images/0034.png",
      "width": 192,
      "height": 192,
      "fx": 231.76450198781714,
      "fy": 231.76450198781714,
      "cx": 95.5,
      "cy": 95.5,
      "qvec": [
        -0.38122721850319985,
        0.033353059909829126,
        0.9203638872035095,
        -0.08052140335718655
      ],
      "tvec": [
        0.0,
        2.9802322387695312e-08,
        -2.8000001907348633
      ],
      "transform_matrix": [
        [
          -0.7071067094802856,
          0.12278778105974197,
          0.6963642239570618,
          1.9498199224472046
        ],
        [
          0.0,
          0.9848076105117798,
          -0.1736481487751007,
          -0.48621487617492676
        ],
        [
          -0.7071067094802856,
          -0.12278778105974197,
          -0.6963642239570618,
          -1.9498199224472046
        ],
        [
          0.0,
          0.0,
          0.0,
          1.0
        ]
      ]
    },
    {
      "image_id": 35,
      "file_path": "images/0035.png",
      "width": 192,
      "height": 192,
      "fx": 231.76450198781714,
      "fy": 231.76450198781714,
      "cx": 95.5,
      "cy": 95.5,
      "qvec": [
        -0.257834169396489,
        0.02255756435168614,
        0.9622501846915242,
        -0.08418598127520878
      ],
      "tvec": [
        0.0,
        0.0,
        -2.799999952316284
      ],
      "transform_matrix": [
        [
          -0.8660253882408142,
          0.08682408928871155,
          0.49240389466285706,
          1.3787308931350708
        ],
        [
          -3.564554651447338e-09,
          0.9848077893257141,
          -0.1736481785774231,
          -0.48621490597724915
        ],
        [
          -0.5,
          -0.15038372576236725,
          -0.8528685569763184,
          -2.3880319595336914
        ],
        [
          0.0,
          0.0,
          0.0,
          1.0
        ]
      ]
    },
    {
      "image_id": 36,
      "file_path": "images/0036.png",
      "width": 192,
      "height": 192,
      "fx": 231.76450198781714,
      "fy": 231.76450198781714,
      "cx": 95.5,
      "cy": 95.5,
      "qvec": [
        -0.1300294949597352,
        0.011376107642980091,
        0.9876721154144135,
        -0.08641010964134356
      ],
      "tvec": [
        -1.1920928955078125e-07,
        2.9802322387695312e-08,
        -2.799999952316284
      ],
      "transform_matrix": [
        [
          -0.9659258127212524,
          0.04494346305727959,
          0.25488704442977905,
          0.7136836051940918
        ],
        [
          1.0950872431081393e-09,
          0.9848077893257141,
          -0.1736481785774231,
          -0.48621493577957153
        ],
        [
          -0.2588190734386444,
          -0.16773127019405365,
          -0.9512512683868408,
          -2.663503408432007
        ],
        [
          0.0,
          0.0,
          0.0,
          1.0
        ]
      ]
    },
    {
      "image_id": 37,
      "file_path": "images/0037.png",
      "width": 192,
      "height": 192,
      "fx": 231.76450198781714,
      "fy": 231.76450198781714,
      "cx": 95.5,
      "cy": 95.5,
      "qvec": [
        -6.09993212250241e-17,
        5.3367487533402065e-18,
        0.9961946987607275,
        -0.08715573510115823
      ],
      "tvec": [
        0.0,
        2.9802322387695312e-08,
        -2.799999952316284
      ],
      "transform_matrix": [
        [
          -1.0,
          2.126576633808285e-17,
          1.2060416415498291e-16,
          3.3769165433999624e-16
        ],
        [
          9.994947171538324e-26,
          0.9848077893257141,
          -0.1736481785774231,
          -0.48621490597724915
        ],
        [
          -1.2246467202362698e-16,
          -0.1736481785774231,
          -0.9848077893257141,
          -2.7574617862701416
        ],
        [
          0.0,
          0.0,
          0.0,
          1.0
        ]
      ]
    },
    {
      "image_id": 38,
      "file_path": "images/0038.png",
      "width": 192,
      "height": 192,
      "fx": 231.76450198781714,
      "fy": 231.76450198781714,
      "cx": 95.5,
      "cy": 95.5,
      "qvec": [
        0.1300294949597352,
        -0.011376107642980091,
        0.9876721154144135,
        -0.08641010964134356
      ],
      "tvec": [
        1.1920928955078125e-07,
        2.9802322387695312e-08,
        -2.799999952316284
      ],
      "transform_matrix": [
        [
          -0.9659258127212524,
          -0.04494346305727959,
          -0.25488704442977905,
          -0.7136836051940918
        ],
        [
          -1.0950872431081393e-09,
          0.9848077893257141,
          -0.1736481785774231,
          -0.48621493577957153
        ],
        [
          0.2588190734386444,
          -0.16773127019405365,
          -0.9512512683868408,
          -2.663503408432007
        ],
        [
          0.0,
          0.0,
          0.0,
          1.0
        ]
      ]
    },
    {
      "image_id": 39,
      "file_path": "images/0039.png",
      "width": 192,
      "height": 192,
      "fx": 231.76450198781714,
      "fy": 231.76450198781714,
      "cx": 95.5,
      "cy": 95.5,
      "qvec": [
        0.257834169396489,
        -0.02255756435168614,
        0.9622501846915242,
        -0.08418598127520878
      ],
      "tvec": [
        0.0,
        0.0,
        -2.799999952316284
      ],
      "transform_matrix": [
        [
          -0.8660253882408142,
          -0.08682408928871155,
          -0.49240389466285706,
          -1.3787308931350708
        ],
        [
          3.564554651447338e-09,
          0.9848077893257141,
          -0.1736481785774231,
          -0.48621490597724915
        ],
        [
          0.5,
          -0.15038372576236725,
          -0.8528685569763184,
          -2.3880319595336914
        ],
        [
          0.0,
          0.0,
          0.0,
          1.0
        ]
      ]
    },
    {
      "image_id": 40,
      "file_path": "images/0040.png",
      "width": 192,
      "height": 192,
      "fx": 231.76450198781714,
      "fy": 231.76450198781714,
      "cx": 95.5,
      "cy": 95.5,
      "qvec": [
        0.38122721850319985,
        -0.033353059909829126,
        0.9203638872035095,
        -0.08052140335718655
      ],
      "tvec": [
        0.0,
        2.9802322387695312e-08,
        -2.8000001907348633
      ],
      "transform_matrix": [
        [
          -0.7071067094802856,
          -0.12278778105974197,
          -0.6963642239570618,
          -1.9498199224472046
        ],
        [
          0.0,
          0.9848076105117798,
          -0.1736481487751007,
          -0.48621487617492676
        ],
        [
          0.7071067094802856,
          -0.12278778105974197,
          -0.6963642239570618,
          -1.9498199224472046
        ],
        [
          0.0,
          0.0,
          0.0,
          1.0
        ]
      ]
    },
    {
      "image_id": 41,
      "file_path": "images/0041.png",
      "width": 192,
      "height": 192,
      "fx": 231.76450198781714,
      "fy": 231.76450198781714,
      "cx": 95.5,
      "cy": 95.5,
      "qvec": [
        0.4980973389153285,
        -0.04357786924237241,
        0.8627299219029313,
        -0.075479084063898
      ],
      "tvec": [
        0.0,
        7.450580596923828e-09,
        -2.799999713897705
      ],
      "transform_matrix": [
        [
          -0.5,
          -0.15038372576236725,
          -0.8528685569763184,
          -2.3880317211151123
        ],
        [
          -3.564554651447338e-09,
          0.9848077893257141,
          -0.1736481785774231,
          -0.48621484637260437
        ],
        [
          0.8660253882408142,
          -0.08682408928871155,
          -0.49240389466285706,
          -1.3787307739257812
        ],
        [
          0.0,
          0.0,
          0.0,
          1.0
        ]
      ]
    },
    {
      "image_id": 42,
      "file_path": "images/0042.png",
      "width": 192,
      "height": 192,
      "fx": 231.76450198781714,
      "fy": 231.76450198781714,
